Pixel,wl,cm-1,Intensity,Metadata
0.0,793.86,142.1739879,519.0,
1.0,794.091,145.838345,515.0,
2.0,794.321,149.4847215,520.0,
3.0,794.552,153.1448271,515.0,
4.0,794.782,156.7869742,520.0,
5.0,795.013,160.4428357,514.0,
6.0,795.243,164.0807608,519.0,
7.0,795.473,167.7165821,534.0,
8.0,795.703,171.3503016,511.0,
9.0,795.933,174.981921,517.0,
10.0,796.163,178.6114422,524.0,
11.0,796.393,182.2388669,520.0,
12.0,796.622,185.8484393,517.0,
13.0,796.852,189.4716857,521.0,
14.0,797.081,193.0771015,519.0,
15.0,797.31,196.6804463,528.0,
16.0,797.54,200.2974433,509.0,
17.0,797.769,203.8966422,519.0,
18.0,797.998,207.4937755,507.0,
19.0,798.226,211.0731503,520.0,
20.0,798.455,214.6661664,516.0,
21.0,798.684,218.2571221,504.0,
22.0,798.913,221.8460193,533.0,
23.0,799.141,225.417201,516.0,
24.0,799.369,228.9863455,519.0,
25.0,799.598,232.5690953,526.0,
26.0,799.826,236.1341617,524.0,
27.0,800.054,239.6971962,517.0,
28.0,800.282,243.2582005,524.0,
29.0,800.51,246.8171763,515.0,
30.0,800.737,250.3585292,514.0,
31.0,800.965,253.9134621,517.0,
32.0,801.193,257.4663717,515.0,
33.0,801.42,261.0016902,530.0,
34.0,801.647,264.5350064,527.0,
35.0,801.875,268.0818742,507.0,
36.0,802.102,271.6111824,519.0,
37.0,802.329,275.1384935,516.0,
38.0,802.556,278.6638093,522.0,
39.0,802.783,282.1871313,529.0,
40.0,803.009,285.6929533,547.0,
41.0,803.236,289.2123018,545.0,
42.0,803.462,292.7141711,545.0,
43.0,803.689,296.2295529,574.0,
44.0,803.915,299.7274762,592.0,
45.0,804.141,303.2234333,602.0,
46.0,804.367,306.717426,651.0,
47.0,804.594,310.2249029,713.0,
48.0,804.819,313.6995245,821.0,
49.0,805.045,317.1876336,941.0,
50.0,805.271,320.6737848,1124.0,
51.0,805.497,324.1579798,1459.0,
52.0,805.722,327.6248164,1766.0,
53.0,805.948,331.1051125,2183.0,
54.0,806.173,334.5680707,2572.0,
55.0,806.398,338.0290964,2998.0,
56.0,806.623,341.4881913,3175.0,
57.0,806.848,344.9453569,3282.0,
58.0,807.073,348.400595,3381.0,
59.0,807.298,351.853907,3502.0,
60.0,807.523,355.3052947,3555.0,
61.0,807.747,358.7394328,3703.0,
62.0,807.972,362.186985,3793.0,
63.0,808.196,365.617308,3880.0,
64.0,808.42,369.04573,3837.0,
65.0,808.645,372.4875453,3897.0,
66.0,808.869,375.9121616,3861.0,
67.0,809.093,379.3348817,3822.0,
68.0,809.317,382.7557071,3773.0,
69.0,809.541,386.1746395,3786.0,
70.0,809.764,389.5764299,3727.0,
71.0,809.988,392.9915892,3669.0,
72.0,810.211,396.3896265,3614.0,
73.0,810.435,399.801019,3607.0,
74.0,810.658,403.1953095,3642.0,
75.0,810.881,406.587733,3622.0,
76.0,811.104,409.9782911,3657.0,
77.0,811.328,413.3821772,3759.0,
78.0,811.55,416.7538174,3895.0,
79.0,811.773,420.1387886,3825.0,
80.0,811.996,423.5219006,3714.0,
81.0,812.219,426.9031548,3531.0,
82.0,812.441,430.2674028,3466.0,
83.0,812.664,433.6449545,3476.0,
84.0,812.886,437.0055196,3467.0,
85.0,813.108,440.3642496,3422.0,
86.0,813.33,443.7211461,3494.0,
87.0,813.552,447.0762105,3585.0,
88.0,813.774,450.4294444,3589.0,
89.0,813.996,453.7808493,3675.0,
90.0,814.218,457.1304266,3611.0,
91.0,814.44,460.4781778,3631.0,
92.0,814.661,463.8090368,3553.0,
93.0,814.883,467.1531487,3559.0,
94.0,815.104,470.4803876,3446.0,
95.0,815.325,473.8058228,3282.0,
96.0,815.546,477.1294557,3266.0,
97.0,815.767,480.4512878,3159.0,
98.0,815.988,483.7713206,3130.0,
99.0,816.209,487.0895555,3151.0,
100.0,816.43,490.4059939,3242.0,
101.0,816.651,493.7206374,3237.0,
102.0,816.871,497.0185011,3323.0,
103.0,817.092,500.3295671,3205.0,
104.0,817.312,503.6238724,3261.0,
105.0,817.532,506.9164047,3347.0,
106.0,817.753,510.2221194,3372.0,
107.0,817.973,513.5111019,3654.0,
108.0,818.193,516.7983157,3748.0,
109.0,818.413,520.0837622,3905.0,
110.0,818.632,523.3525211,4015.0,
111.0,818.852,526.6344453,3913.0,
112.0,819.072,529.9146065,3677.0,
113.0,819.291,533.1781082,3704.0,
114.0,819.511,536.4547556,3515.0,
115.0,819.73,539.7147624,3623.0,
116.0,819.949,542.9730277,3610.0,
117.0,820.168,546.229553,3593.0,
118.0,820.387,549.4843396,3549.0,
119.0,820.606,552.737389,3522.0,
120.0,820.825,555.9887025,3263.0,
121.0,821.044,559.2382816,3225.0,
122.0,821.263,562.4861276,3097.0,
123.0,821.481,565.7174233,2952.0,
124.0,821.7,568.9618152,3005.0,
125.0,821.918,572.1896754,2971.0,
126.0,822.136,575.4158238,2924.0,
127.0,822.354,578.6402617,2904.0,
128.0,822.572,581.8629905,3033.0,
129.0,822.79,585.0840116,3092.0,
130.0,823.008,588.3033263,3171.0,
131.0,823.226,591.5209359,3167.0,
132.0,823.444,594.7368419,3114.0,
133.0,823.661,597.9363055,3134.0,
134.0,823.879,601.148816,3144.0,
135.0,824.096,604.3449022,3150.0,
136.0,824.314,607.5540226,3113.0,
137.0,824.531,610.746737,3217.0,
138.0,824.748,613.9377713,3187.0,
139.0,824.965,617.1271269,3200.0,
140.0,825.182,620.3148051,3296.0,
141.0,825.399,623.5008071,3434.0,
142.0,825.616,626.6851344,3514.0,
143.0,825.832,629.8531254,3565.0,
144.0,826.049,633.0341147,3428.0,
145.0,826.265,636.1987859,3301.0,
146.0,826.482,639.3764426,3157.0,
147.0,826.698,642.537799,2975.0,
148.0,826.914,645.6975039,2791.0,
149.0,827.13,648.8555585,2744.0,
150.0,827.346,652.0119641,2661.0,
151.0,827.562,655.166722,2531.0,
152.0,827.778,658.3198335,2523.0,
153.0,827.994,661.4712999,2441.0,
154.0,828.209,664.6065438,2437.0,
155.0,828.425,667.7547314,2350.0,
156.0,828.64,670.8867142,2300.0,
157.0,828.856,674.0316282,2323.0,
158.0,829.071,677.1603551,2305.0,
159.0,829.286,680.2874596,2254.0,
160.0,829.501,683.4129431,2209.0,
161.0,829.716,686.5368069,2238.0,
162.0,829.931,689.6590521,2169.0,
163.0,830.146,692.77968,2153.0,
164.0,830.361,695.898692,2226.0,
165.0,830.575,699.0015934,2278.0,
166.0,830.79,702.1173846,2360.0,
167.0,831.004,705.2170827,2305.0,
168.0,831.218,708.3151847,2329.0,
169.0,831.433,711.4261579,2292.0,
170.0,831.647,714.5210641,2279.0,
171.0,831.861,717.6143779,2246.0,
172.0,832.075,720.7061006,2150.0,
173.0,832.289,723.7962334,2153.0,
174.0,832.503,726.8847775,2181.0,
175.0,832.716,729.9573129,2193.0,
176.0,832.93,733.0426908,2207.0,
177.0,833.143,736.112077,2278.0,
178.0,833.357,739.1942935,2278.0,
179.0,833.57,742.2605356,2305.0,
180.0,833.783,745.3252111,2232.0,
181.0,833.996,748.3883211,2156.0,
182.0,834.209,751.4498669,2184.0,
183.0,834.422,754.5098497,2106.0,
184.0,834.635,757.5682707,2035.0,
185.0,834.848,760.6251311,1918.0,
186.0,835.061,763.680432,1924.0,
187.0,835.273,766.7198415,1925.0,
188.0,835.486,769.7720344,1936.0,
189.0,835.698,772.8083529,1901.0,
190.0,835.91,775.8431313,1910.0,
191.0,836.123,778.8906747,1881.0,
192.0,836.335,781.9223691,1963.0,
193.0,836.547,784.9525269,1897.0,
194.0,836.759,787.9811493,1857.0,
195.0,836.971,791.0082373,1877.0,
196.0,837.182,794.0195244,1873.0,
197.0,837.394,797.0435547,1880.0,
198.0,837.606,800.0660542,1813.0,
199.0,837.817,803.0727778,1875.0,
200.0,838.029,806.0922264,1915.0,
201.0,838.24,809.0959159,1980.0,
202.0,838.451,812.0980935,2039.0,
203.0,838.662,815.0987605,2173.0,
204.0,838.873,818.097918,2276.0,
205.0,839.084,821.0955671,2443.0,
206.0,839.295,824.0917091,2584.0,
207.0,839.506,827.0863449,2681.0,
208.0,839.717,830.0794757,2984.0,
209.0,839.927,833.056928,3044.0,
210.0,840.138,836.0470595,3009.0,
211.0,840.348,839.0215288,2857.0,
212.0,840.559,842.0086654,2698.0,
213.0,840.769,844.9801563,2636.0,
214.0,840.979,847.9501631,2499.0,
215.0,841.189,850.9186871,2482.0,
216.0,841.399,853.8857293,2368.0,
217.0,841.609,856.8512908,2347.0,
218.0,841.819,859.8153727,2246.0,
219.0,842.028,862.763872,2277.0,
220.0,842.238,865.7250051,2411.0,
221.0,842.447,868.6705718,2397.0,
222.0,842.657,871.6287605,2389.0,
223.0,842.866,874.571399,2248.0,
224.0,843.075,877.5125786,2073.0,
225.0,843.285,880.4663624,1943.0,
226.0,843.494,883.4046203,1865.0,
227.0,843.703,886.3414225,1773.0,
228.0,843.912,889.2767701,1676.0,
229.0,844.12,892.1966298,1659.0,
230.0,844.329,895.1290782,1665.0,
231.0,844.538,898.0600753,1702.0,
232.0,844.746,900.9756085,1690.0,
233.0,844.955,903.903713,1721.0,
234.0,845.163,906.8163695,1658.0,
235.0,845.371,909.7275928,1735.0,
236.0,845.58,912.6513697,1786.0,
237.0,845.788,915.5597227,1802.0,
238.0,845.996,918.4666456,1872.0,
239.0,846.204,921.3721394,1882.0,
240.0,846.412,924.2762051,1828.0,
241.0,846.619,927.1648924,1795.0,
242.0,846.827,930.0661121,1757.0,
243.0,847.035,932.965907,1699.0,
244.0,847.242,935.8503471,1694.0,
245.0,847.45,938.7473022,1567.0,
246.0,847.657,941.6289182,1562.0,
247.0,847.864,944.5091272,1556.0,
248.0,848.071,947.3879301,1492.0,
249.0,848.278,950.2653281,1440.0,
250.0,848.485,953.1413221,1419.0,
251.0,848.692,956.0159131,1419.0,
252.0,848.899,958.8891022,1414.0,
253.0,849.106,961.7608905,1394.0,
254.0,849.312,964.6174156,1440.0,
255.0,849.519,967.4864119,1475.0,
256.0,849.725,970.3401606,1414.0,
257.0,849.932,973.2063691,1457.0,
258.0,850.138,976.0573454,1463.0,
259.0,850.344,978.9069404,1542.0,
260.0,850.55,981.7551551,1502.0,
261.0,850.756,984.6019904,1520.0,
262.0,850.962,987.4474475,1488.0,
263.0,851.168,990.2915272,1516.0,
264.0,851.374,993.1342306,1531.0,
265.0,851.579,995.9617691,1556.0,
266.0,851.785,998.8017296,1566.0,
267.0,851.99,1001.62654,1649.0,
268.0,852.196,1004.463762,1551.0,
269.0,852.401,1007.285849,1526.0,
270.0,852.606,1010.106579,1574.0,
271.0,852.812,1012.939703,1623.0,
272.0,853.017,1015.757715,1634.0,
273.0,853.222,1018.574373,1719.0,
274.0,853.427,1021.389678,1719.0,
275.0,853.631,1024.189907,1685.0,
276.0,853.836,1027.002515,1723.0,
277.0,854.041,1029.813773,1813.0,
278.0,854.245,1032.609978,1839.0,
279.0,854.45,1035.418545,1879.0,
280.0,854.654,1038.212074,1954.0,
281.0,854.858,1041.00427,2019.0,
282.0,855.063,1043.808811,2089.0,
283.0,855.267,1046.598336,2304.0,
284.0,855.471,1049.386531,2311.0,
285.0,855.675,1052.173397,2466.0,
286.0,855.879,1054.958934,2488.0,
287.0,856.082,1057.729499,2573.0,
288.0,856.286,1060.512388,2681.0,
289.0,856.49,1063.293952,2679.0,
290.0,856.693,1066.060566,2755.0,
291.0,856.897,1068.839487,2719.0,
292.0,857.1,1071.603474,2633.0,
293.0,857.303,1074.366152,2547.0,
294.0,857.507,1077.141121,2485.0,
295.0,857.71,1079.901177,2494.0,
296.0,857.913,1082.659926,2484.0,
297.0,858.116,1085.417371,2280.0,
298.0,858.318,1088.159937,2210.0,
299.0,858.521,1090.914781,2083.0,
300.0,858.724,1093.668321,1993.0,
301.0,858.927,1096.420561,1952.0,
302.0,859.129,1099.157951,1990.0,
303.0,859.331,1101.894054,2110.0,
304.0,859.534,1104.642407,2035.0,
305.0,859.736,1107.375933,2090.0,
306.0,859.938,1110.108175,2097.0,
307.0,860.14,1112.839133,2021.0,
308.0,860.342,1115.568809,2013.0,
309.0,860.544,1118.297204,2064.0,
310.0,860.746,1121.024318,2069.0,
311.0,860.948,1123.750152,2163.0,
312.0,861.15,1126.474707,2129.0,
313.0,861.351,1129.184506,2171.0,
314.0,861.553,1131.906513,2203.0,
315.0,861.754,1134.613778,2219.0,
316.0,861.956,1137.33324,2213.0,
317.0,862.157,1140.037974,2060.0,
318.0,862.358,1142.741448,2010.0,
319.0,862.559,1145.443661,1928.0,
320.0,862.76,1148.144615,1878.0,
321.0,862.961,1150.844312,1783.0,
322.0,863.162,1153.54275,1674.0,
323.0,863.363,1156.239933,1646.0,
324.0,863.563,1158.92245,1662.0,
325.0,863.764,1161.617128,1633.0,
326.0,863.964,1164.297156,1567.0,
327.0,864.165,1166.989334,1537.0,
328.0,864.365,1169.666875,1487.0,
329.0,864.565,1172.343177,1444.0,
330.0,864.766,1175.031614,1458.0,
331.0,864.966,1177.705435,1485.0,
332.0,865.166,1180.37802,1434.0,
333.0,865.366,1183.049369,1447.0,
334.0,865.566,1185.719485,1452.0,
335.0,865.765,1188.375025,1461.0,
336.0,865.965,1191.042679,1455.0,
337.0,866.165,1193.709102,1374.0,
338.0,866.364,1196.360971,1392.0,
339.0,866.564,1199.024939,1408.0,
340.0,866.763,1201.674367,1305.0,
341.0,866.962,1204.322578,1397.0,
342.0,867.161,1206.969574,1377.0,
343.0,867.361,1209.628648,1329.0,
344.0,867.56,1212.273209,1392.0,
345.0,867.759,1214.916558,1391.0,
346.0,867.957,1217.54542,1401.0,
347.0,868.156,1220.186351,1378.0,
348.0,868.355,1222.826072,1376.0,
349.0,868.554,1225.464583,1406.0,
350.0,868.752,1228.088636,1403.0,
351.0,868.951,1230.724736,1439.0,
352.0,869.149,1233.346392,1465.0,
353.0,869.347,1235.966854,1458.0,
354.0,869.546,1238.599348,1515.0,
355.0,869.744,1241.217417,1480.0,
356.0,869.942,1243.834295,1497.0,
357.0,870.14,1246.449982,1558.0,
358.0,870.338,1249.064479,1569.0,
359.0,870.535,1251.664591,1605.0,
360.0,870.733,1254.276716,1646.0,
361.0,870.931,1256.887653,1680.0,
362.0,871.128,1259.484226,1738.0,
363.0,871.326,1262.092796,1793.0,
364.0,871.523,1264.687015,1866.0,
365.0,871.721,1267.293222,1761.0,
366.0,871.918,1269.885091,1763.0,
367.0,872.115,1272.475789,1709.0,
368.0,872.312,1275.065317,1613.0,
369.0,872.509,1277.653676,1553.0,
370.0,872.706,1280.240866,1513.0,
371.0,872.903,1282.826889,1527.0,
372.0,873.1,1285.411744,1473.0,
373.0,873.296,1287.982321,1444.0,
374.0,873.493,1290.564851,1401.0,
375.0,873.689,1293.133115,1390.0,
376.0,873.886,1295.713322,1383.0,
377.0,874.082,1298.279278,1328.0,
378.0,874.279,1300.857166,1373.0,
379.0,874.475,1303.420815,1419.0,
380.0,874.671,1305.983315,1445.0,
381.0,874.867,1308.544668,1396.0,
382.0,875.063,1311.104873,1394.0,
383.0,875.259,1313.663931,1447.0,
384.0,875.455,1316.221843,1498.0,
385.0,875.65,1318.765569,1552.0,
386.0,875.846,1321.321197,1631.0,
387.0,876.042,1323.875682,1632.0,
388.0,876.237,1326.416001,1618.0,
389.0,876.432,1328.955188,1710.0,
390.0,876.628,1331.506259,1624.0,
391.0,876.823,1334.043182,1678.0,
392.0,877.018,1336.578977,1639.0,
393.0,877.213,1339.113645,1660.0,
394.0,877.408,1341.647186,1705.0,
395.0,877.603,1344.179602,1646.0,
396.0,877.798,1346.710892,1676.0,
397.0,877.993,1349.241058,1719.0,
398.0,878.188,1351.7701,1678.0,
399.0,878.382,1354.285058,1674.0,
400.0,878.577,1356.811861,1671.0,
401.0,878.771,1359.324593,1660.0,
402.0,878.966,1361.849159,1711.0,
403.0,879.16,1364.359668,1714.0,
404.0,879.354,1366.869069,1674.0,
405.0,879.548,1369.377363,1737.0,
406.0,879.742,1371.884551,1707.0,
407.0,879.936,1374.390633,1725.0,
408.0,880.13,1376.895611,1671.0,
409.0,880.324,1379.399484,1627.0,
410.0,880.518,1381.902254,1570.0,
411.0,880.712,1384.403921,1577.0,
412.0,880.905,1386.8916,1569.0,
413.0,881.099,1389.39107,1560.0,
414.0,881.292,1391.876565,1514.0,
415.0,881.486,1394.37384,1494.0,
416.0,881.679,1396.857153,1437.0,
417.0,881.872,1399.339379,1461.0,
418.0,882.065,1401.820518,1368.0,
419.0,882.258,1404.300572,1451.0,
420.0,882.451,1406.779541,1441.0,
421.0,882.644,1409.257426,1406.0,
422.0,882.837,1411.734227,1401.0,
423.0,883.03,1414.209946,1436.0,
424.0,883.222,1416.671764,1389.0,
425.0,883.415,1419.145325,1412.0,
426.0,883.607,1421.604998,1337.0,
427.0,883.8,1424.076404,1304.0,
428.0,883.992,1426.533935,1333.0,
429.0,884.184,1428.990398,1305.0,
430.0,884.377,1431.45858,1326.0,
431.0,884.569,1433.912905,1341.0,
432.0,884.761,1436.366165,1301.0,
433.0,884.953,1438.81836,1295.0,
434.0,885.145,1441.269492,1327.0,
435.0,885.336,1443.706802,1389.0,
436.0,885.528,1446.155813,1445.0,
437.0,885.72,1448.603763,1508.0,
438.0,885.911,1451.03791,1642.0,
439.0,886.103,1453.483744,1792.0,
440.0,886.294,1455.915787,1909.0,
441.0,886.486,1458.359508,1943.0,
442.0,886.677,1460.789451,1848.0,
443.0,886.868,1463.218347,1807.0,
444.0,887.059,1465.646197,1627.0,
445.0,887.25,1468.073002,1495.0,
446.0,887.441,1470.498762,1406.0,
447.0,887.632,1472.923478,1324.0,
448.0,887.823,1475.347151,1227.0,
449.0,888.014,1477.769782,1184.0,
450.0,888.204,1480.178694,1145.0,
451.0,888.395,1482.599247,1078.0,
452.0,888.586,1485.018759,1093.0,
453.0,888.776,1487.424572,1086.0,
454.0,888.966,1489.829356,1055.0,
455.0,889.157,1492.245761,1034.0,
456.0,889.347,1494.648485,1021.0,
457.0,889.537,1497.050183,1041.0,
458.0,889.727,1499.450855,1003.0,
459.0,889.917,1501.850502,1014.0,
460.0,890.107,1504.249124,986.0,
461.0,890.297,1506.646723,1032.0,
462.0,890.487,1509.043298,1003.0,
463.0,890.676,1511.426246,1011.0,
464.0,890.866,1513.820782,991.0,
465.0,891.055,1516.201703,1008.0,
466.0,891.245,1518.594203,1023.0,
467.0,891.434,1520.973099,1015.0,
468.0,891.623,1523.350987,976.0,
469.0,891.813,1525.74044,1020.0,
470.0,892.002,1528.116308,976.0,
471.0,892.191,1530.491168,1001.0,
472.0,892.38,1532.865023,1035.0,
473.0,892.569,1535.237872,992.0,
474.0,892.758,1537.609717,1006.0,
475.0,892.946,1539.968016,1049.0,
476.0,893.135,1542.337859,1002.0,
477.0,893.324,1544.706699,1007.0,
478.0,893.512,1547.062011,1051.0,
479.0,893.701,1549.428852,1050.0,
480.0,893.889,1551.782178,1022.0,
481.0,894.077,1554.134514,1042.0,
482.0,894.266,1556.498365,1004.0,
483.0,894.454,1558.848718,1032.0,
484.0,894.642,1561.198083,1029.0,
485.0,894.83,1563.546462,1022.0,
486.0,895.018,1565.893853,1059.0,
487.0,895.206,1568.240259,1069.0,
488.0,895.394,1570.585679,1074.0,
489.0,895.581,1572.917647,1111.0,
490.0,895.769,1575.261104,1072.0,
491.0,895.956,1577.59112,1093.0,
492.0,896.144,1579.932615,1065.0,
493.0,896.331,1582.260682,1065.0,
494.0,896.519,1584.600219,1069.0,
495.0,896.706,1586.926339,1117.0,
496.0,896.893,1589.251488,1089.0,
497.0,897.08,1591.575668,1108.0,
498.0,897.267,1593.89888,1161.0,
499.0,897.454,1596.221123,1149.0,
500.0,897.641,1598.542399,1177.0,
501.0,897.828,1600.862708,1151.0,
502.0,898.015,1603.18205,1178.0,
503.0,898.202,1605.500427,1185.0,
504.0,898.388,1607.805448,1189.0,
505.0,898.575,1610.1219,1203.0,
506.0,898.761,1612.425009,1179.0,
507.0,898.948,1614.739539,1251.0,
508.0,899.134,1617.040737,1223.0,
509.0,899.32,1619.340983,1238.0,
510.0,899.506,1621.640277,1243.0,
511.0,899.692,1623.938621,1262.0,
512.0,899.878,1626.236015,1254.0,
513.0,900.064,1628.532459,1293.0,
514.0,900.25,1630.827955,1303.0,
515.0,900.436,1633.122502,1230.0,
516.0,900.622,1635.416101,1230.0,
517.0,900.807,1637.69643,1271.0,
518.0,900.993,1639.98814,1277.0,
519.0,901.178,1642.266591,1278.0,
520.0,901.364,1644.556416,1248.0,
521.0,901.549,1646.832992,1225.0,
522.0,901.734,1649.108634,1238.0,
523.0,901.92,1651.395636,1268.0,
524.0,902.105,1653.669406,1217.0,
525.0,902.29,1655.942244,1200.0,
526.0,902.475,1658.21415,1247.0,
527.0,902.66,1660.485125,1191.0,
528.0,902.845,1662.75517,1171.0,
529.0,903.029,1665.012021,1174.0,
530.0,903.214,1667.28021,1192.0,
531.0,903.399,1669.547471,1150.0,
532.0,903.583,1671.801556,1144.0,
533.0,903.768,1674.066965,1103.0,
534.0,903.952,1676.319209,1062.0,
535.0,904.137,1678.58277,1076.0,
536.0,904.321,1680.833176,1058.0,
537.0,904.505,1683.082667,1055.0,
538.0,904.689,1685.331243,1041.0,
539.0,904.873,1687.578904,1031.0,
540.0,905.057,1689.825652,1066.0,
541.0,905.241,1692.071486,990.0,
542.0,905.425,1694.316407,994.0,
543.0,905.609,1696.560416,964.0,
544.0,905.792,1698.791326,954.0,
545.0,905.976,1701.033517,965.0,
546.0,906.159,1703.262619,933.0,
547.0,906.343,1705.502995,989.0,
548.0,906.526,1707.730292,922.0,
549.0,906.71,1709.968854,961.0,
550.0,906.893,1712.194349,914.0,
551.0,907.076,1714.418946,891.0,
552.0,907.259,1716.642646,951.0,
553.0,907.442,1718.865449,882.0,
554.0,907.625,1721.087355,890.0,
555.0,907.808,1723.308366,836.0,
556.0,907.991,1725.528481,880.0,
557.0,908.174,1727.747702,843.0,
558.0,908.356,1729.953909,879.0,
559.0,908.539,1732.171346,836.0,
560.0,908.721,1734.375781,872.0,
561.0,908.904,1736.591438,852.0,
562.0,909.086,1738.794103,825.0,
563.0,909.269,1741.007981,828.0,
564.0,909.451,1743.208878,808.0,
565.0,909.633,1745.408894,840.0,
566.0,909.815,1747.60803,799.0,
567.0,909.997,1749.806287,809.0,
568.0,910.179,1752.003664,789.0,
569.0,910.361,1754.200162,812.0,
570.0,910.543,1756.395783,806.0,
571.0,910.725,1758.590526,777.0,
572.0,910.906,1760.77234,5128.0,
573.0,911.088,1762.965334,777.0,
574.0,911.269,1765.14541,756.0,
575.0,911.451,1767.336658,799.0,
576.0,911.632,1769.514998,757.0,
577.0,911.814,1771.704501,780.0,
578.0,911.995,1773.881108,768.0,
579.0,912.176,1776.05685,785.0,
580.0,912.357,1778.231729,775.0,
581.0,912.538,1780.405745,745.0,
582.0,912.719,1782.5789,755.0,
583.0,912.9,1784.751192,790.0,
584.0,913.081,1786.922623,731.0,
585.0,913.262,1789.093193,764.0,
586.0,913.442,1791.250919,761.0,
587.0,913.623,1793.419774,771.0,
588.0,913.803,1795.575795,731.0,
589.0,913.984,1797.742937,749.0,
590.0,914.164,1799.897255,732.0,
591.0,914.345,1802.062686,748.0,
592.0,914.525,1804.215303,741.0,
593.0,914.705,1806.367073,735.0,
594.0,914.885,1808.517997,729.0,
595.0,915.065,1810.668074,735.0,
596.0,915.245,1812.817305,739.0,
597.0,915.425,1814.965692,725.0,
598.0,915.605,1817.113233,730.0,
599.0,915.785,1819.25993,737.0,
600.0,915.964,1821.393865,738.0,
601.0,916.144,1823.53888,719.0,
602.0,916.324,1825.683053,714.0,
603.0,916.503,1827.814478,722.0,
604.0,916.683,1829.956971,727.0,
605.0,916.862,1832.086727,708.0,
606.0,917.041,1834.215652,731.0,
607.0,917.22,1836.343745,739.0,
608.0,917.4,1838.482891,734.0,
609.0,917.579,1840.609319,714.0,
610.0,917.758,1842.734919,736.0,
611.0,917.937,1844.859689,702.0,
612.0,918.115,1846.971767,701.0,
613.0,918.294,1849.094886,723.0,
614.0,918.473,1851.217176,700.0,
615.0,918.652,1853.33864,726.0,
616.0,918.83,1855.447432,725.0,
617.0,919.009,1857.567248,726.0,
618.0,919.187,1859.674403,743.0,
619.0,919.366,1861.792572,705.0,
620.0,919.544,1863.898091,706.0,
621.0,919.722,1866.002794,705.0,
622.0,919.9,1868.106683,718.0,
623.0,920.078,1870.209758,690.0,
624.0,920.256,1872.312019,723.0,
625.0,920.434,1874.413467,695.0,
626.0,920.612,1876.514103,714.0,
627.0,920.79,1878.613926,738.0,
628.0,920.968,1880.712938,723.0,
629.0,921.145,1882.799353,691.0,
630.0,921.323,1884.896748,733.0,
631.0,921.501,1886.993332,692.0,
632.0,921.678,1889.077334,714.0,
633.0,921.856,1891.172304,700.0,
634.0,922.033,1893.254701,714.0,
635.0,922.21,1895.3363,731.0,
636.0,922.387,1897.4171,730.0,
637.0,922.564,1899.497101,709.0,
638.0,922.742,1901.588049,695.0,
639.0,922.919,1903.66645,693.0,
640.0,923.095,1905.732318,707.0,
641.0,923.272,1907.809131,737.0,
642.0,923.449,1909.885147,706.0,
643.0,923.626,1911.960367,705.0,
644.0,923.802,1914.023074,730.0,
645.0,923.979,1916.096709,719.0,
646.0,924.156,1918.169549,691.0,
647.0,924.332,1920.229892,706.0,
648.0,924.508,1922.28945,697.0,
649.0,924.685,1924.359919,698.0,
650.0,924.861,1926.417905,732.0,
651.0,925.037,1928.475108,710.0,
652.0,925.213,1930.531528,713.0,
653.0,925.389,1932.587165,722.0,
654.0,925.565,1934.642022,704.0,
655.0,925.741,1936.696096,710.0,
656.0,925.917,1938.74939,685.0,
657.0,926.093,1940.801904,699.0,
658.0,926.268,1942.841982,699.0,
659.0,926.444,1944.89294,697.0,
660.0,926.62,1946.943119,719.0,
661.0,926.795,1948.980878,709.0,
662.0,926.971,1951.029504,691.0,
663.0,927.146,1953.06572,739.0,
664.0,927.321,1955.101167,703.0,
665.0,927.496,1957.135846,709.0,
666.0,927.672,1959.181378,701.0,
667.0,927.847,1961.214517,720.0,
668.0,928.022,1963.24689,701.0,
669.0,928.197,1965.278497,700.0,
670.0,928.371,1967.297735,719.0,
671.0,928.546,1969.327815,713.0,
672.0,928.721,1971.357129,699.0,
673.0,928.896,1973.385679,720.0,
674.0,929.07,1975.40188,701.0,
675.0,929.245,1977.428906,718.0,
676.0,929.419,1979.443592,720.0,
677.0,929.594,1981.469097,703.0,
678.0,929.768,1983.482271,732.0,
679.0,929.942,1985.494692,708.0,
680.0,930.117,1987.517919,705.0,
681.0,930.291,1989.52883,740.0,
682.0,930.465,1991.538988,724.0,
683.0,930.639,1993.548396,718.0,
684.0,930.813,1995.557052,720.0,
685.0,930.987,1997.564957,697.0,
686.0,931.16,1999.560578,725.0,
687.0,931.334,2001.566987,702.0,
688.0,931.508,2003.572647,716.0,
689.0,931.681,2005.566037,703.0,
690.0,931.855,2007.570203,690.0,
691.0,932.028,2009.562109,716.0,
692.0,932.202,2011.564782,725.0,
693.0,932.375,2013.555206,735.0,
694.0,932.548,2015.544891,703.0,
695.0,932.722,2017.545332,732.0,
696.0,932.895,2019.533537,747.0,
697.0,933.068,2021.521004,710.0,
698.0,933.241,2023.507735,703.0,
699.0,933.414,2025.493729,722.0,
700.0,933.587,2027.478987,701.0,
701.0,933.759,2029.452041,703.0,
702.0,933.932,2031.435833,731.0,
703.0,934.105,2033.418889,707.0,
704.0,934.277,2035.389755,706.0,
705.0,934.45,2037.371348,726.0,
706.0,934.622,2039.340759,721.0,
707.0,934.795,2041.320889,686.0,
708.0,934.967,2043.288847,743.0,
709.0,935.139,2045.256081,705.0,
710.0,935.312,2047.234022,718.0,
711.0,935.484,2049.199805,716.0,
712.0,935.656,2051.164865,712.0,
713.0,935.828,2053.129203,707.0,
714.0,936.0,2055.092819,729.0,
715.0,936.172,2057.055714,693.0,
716.0,936.343,2059.006481,703.0,
717.0,936.515,2060.967938,731.0,
718.0,936.687,2062.928675,712.0,
719.0,936.858,2064.877298,727.0,
720.0,937.03,2066.836599,738.0,
721.0,937.201,2068.783796,708.0,
722.0,937.373,2070.741663,729.0,
723.0,937.544,2072.687435,734.0,
724.0,937.715,2074.632498,743.0,
725.0,937.887,2076.58822,707.0,
726.0,938.058,2078.53186,718.0,
727.0,938.229,2080.474792,717.0,
728.0,938.4,2082.417016,704.0,
729.0,938.571,2084.358532,710.0,
730.0,938.742,2086.29934,674.0,
731.0,938.912,2088.228098,689.0,
732.0,939.083,2090.167498,725.0,
733.0,939.254,2092.106191,738.0,
734.0,939.425,2094.044178,694.0,
735.0,939.595,2095.970133,705.0,
736.0,939.766,2097.906714,715.0,
737.0,939.936,2099.831272,712.0,
738.0,940.106,2101.755133,706.0,
739.0,940.277,2103.68961,686.0,
740.0,940.447,2105.612077,737.0,
741.0,940.617,2107.533848,710.0,
742.0,940.787,2109.454925,716.0,
743.0,940.957,2111.375308,728.0,
744.0,941.127,2113.294997,714.0,
745.0,941.297,2115.213993,715.0,
746.0,941.467,2117.132296,700.0,
747.0,941.637,2119.049906,703.0,
748.0,941.806,2120.95555,718.0,
749.0,941.976,2122.87178,716.0,
750.0,942.145,2124.776052,700.0,
751.0,942.315,2126.690904,698.0,
752.0,942.484,2128.593806,685.0,
753.0,942.654,2130.507281,673.0,
754.0,942.823,2132.408815,724.0,
755.0,942.992,2134.309668,683.0,
756.0,943.161,2136.20984,719.0,
757.0,943.331,2138.120569,685.0,
758.0,943.5,2140.019375,682.0,
759.0,943.669,2141.917501,682.0,
760.0,943.837,2143.803722,693.0,
761.0,944.006,2145.700494,693.0,
762.0,944.175,2147.596586,680.0,
763.0,944.344,2149.491999,699.0,
764.0,944.512,2151.375525,707.0,
765.0,944.681,2153.269586,684.0,
766.0,944.85,2155.16297,706.0,
767.0,945.018,2157.044479,678.0,
768.0,945.186,2158.92532,686.0,
769.0,945.355,2160.816681,703.0,
770.0,945.523,2162.696181,692.0,
771.0,945.691,2164.575013,685.0,
772.0,945.859,2166.453177,675.0,
773.0,946.027,2168.330675,691.0,
774.0,946.195,2170.207505,689.0,
775.0,946.363,2172.08367,697.0,
776.0,946.531,2173.959168,689.0,
777.0,946.699,2175.834001,655.0,
778.0,946.867,2177.708168,681.0,
779.0,947.034,2179.570521,684.0,
780.0,947.202,2181.443363,698.0,
781.0,947.37,2183.31554,682.0,
782.0,947.537,2185.175916,672.0,
783.0,947.705,2187.04677,662.0,
784.0,947.872,2188.905831,668.0,
785.0,948.039,2190.764237,651.0,
786.0,948.206,2192.621988,669.0,
787.0,948.374,2194.490203,677.0,
788.0,948.541,2196.346643,675.0,
789.0,948.708,2198.202428,681.0,
790.0,948.875,2200.057561,668.0,
791.0,949.042,2201.91204,671.0,
792.0,949.208,2203.754768,675.0,
793.0,949.375,2205.607947,666.0,
794.0,949.542,2207.460474,683.0,
795.0,949.709,2209.312349,690.0,
796.0,949.875,2211.15249,652.0,
797.0,950.042,2213.003067,679.0,
798.0,950.208,2214.841918,677.0,
799.0,950.375,2216.691199,657.0,
800.0,950.541,2218.528762,640.0,
801.0,950.707,2220.365683,656.0,
802.0,950.873,2222.201963,646.0,
803.0,951.04,2224.048658,665.0,
804.0,951.206,2225.883652,645.0,
805.0,951.372,2227.718006,651.0,
806.0,951.538,2229.55172,672.0,
807.0,951.703,2231.373754,629.0,
808.0,951.869,2233.206192,659.0,
809.0,952.035,2235.037992,639.0,
810.0,952.201,2236.869153,654.0,
811.0,952.366,2238.688651,665.0,
812.0,952.532,2240.518539,651.0,
813.0,952.697,2242.336772,660.0,
814.0,952.863,2244.16539,626.0,
815.0,953.028,2245.98236,654.0,
816.0,953.193,2247.798701,655.0,
817.0,953.359,2249.625416,645.0,
818.0,953.524,2251.440496,630.0,
819.0,953.689,2253.254949,661.0,
820.0,953.854,2255.068773,634.0,
821.0,954.019,2256.88197,646.0,
822.0,954.184,2258.69454,650.0,
823.0,954.349,2260.506483,644.0,
824.0,954.514,2262.3178,622.0,
825.0,954.678,2264.117519,644.0,
826.0,954.843,2265.927588,664.0,
827.0,955.008,2267.737031,630.0,
828.0,955.172,2269.534888,644.0,
829.0,955.337,2271.343085,650.0,
830.0,955.501,2273.139705,645.0,
831.0,955.665,2274.935708,622.0,
832.0,955.83,2276.74204,646.0,
833.0,955.994,2278.536807,633.0,
834.0,956.158,2280.330958,612.0,
835.0,956.322,2282.124493,629.0,
836.0,956.486,2283.917414,633.0,
837.0,956.65,2285.70972,615.0,
838.0,956.814,2287.501412,637.0,
839.0,956.978,2289.292489,629.0,
840.0,957.142,2291.082953,627.0,
841.0,957.305,2292.861891,631.0,
842.0,957.469,2294.651132,608.0,
843.0,957.633,2296.43976,620.0,
844.0,957.796,2298.216875,627.0,
845.0,957.96,2300.004282,615.0,
846.0,958.123,2301.780184,623.0,
847.0,958.286,2303.555482,629.0,
848.0,958.45,2305.341061,634.0,
849.0,958.613,2307.115148,606.0,
850.0,958.776,2308.888631,620.0,
851.0,958.939,2310.661512,621.0,
852.0,959.102,2312.43379,619.0,
853.0,959.265,2314.205465,595.0,
854.0,959.428,2315.976539,611.0,
855.0,959.591,2317.747011,616.0,
856.0,959.754,2319.516882,611.0,
857.0,959.916,2321.275298,643.0,
858.0,960.079,2323.043971,612.0,
859.0,960.242,2324.812043,600.0,
860.0,960.404,2326.568673,630.0,
861.0,960.567,2328.335549,628.0,
862.0,960.729,2330.090991,612.0,
863.0,960.891,2331.845841,614.0,
864.0,961.054,2333.610926,607.0,
865.0,961.216,2335.364589,634.0,
866.0,961.378,2337.117662,620.0,
867.0,961.54,2338.870143,611.0,
868.0,961.702,2340.622034,628.0,
869.0,961.864,2342.373336,619.0,
870.0,962.026,2344.124047,612.0,
871.0,962.188,2345.874169,621.0,
872.0,962.35,2347.623701,604.0,
873.0,962.511,2349.361851,614.0,
874.0,962.673,2351.110209,596.0,
875.0,962.834,2352.847193,593.0,
876.0,962.996,2354.594379,591.0,
877.0,963.157,2356.330197,603.0,
878.0,963.319,2358.076211,627.0,
879.0,963.48,2359.810866,602.0,
880.0,963.641,2361.544941,607.0,
881.0,963.803,2363.289202,606.0,
882.0,963.964,2365.022115,601.0,
883.0,964.125,2366.75445,602.0,
884.0,964.286,2368.486206,601.0,
885.0,964.447,2370.217383,612.0,
886.0,964.608,2371.947983,599.0,
887.0,964.769,2373.678005,619.0,
888.0,964.929,2375.39671,604.0,
889.0,965.09,2377.125581,592.0,
890.0,965.251,2378.853876,594.0,
891.0,965.411,2380.570865,594.0,
892.0,965.572,2382.298011,591.0,
893.0,965.732,2384.013858,606.0,
894.0,965.893,2385.739856,588.0,
895.0,966.053,2387.454563,603.0,
896.0,966.213,2389.168703,596.0,
897.0,966.373,2390.882275,573.0,
898.0,966.534,2392.605984,603.0,
899.0,966.694,2394.318418,612.0,
900.0,966.854,2396.030285,603.0,
901.0,967.014,2397.741585,596.0,
902.0,967.174,2399.45232,601.0,
903.0,967.333,2401.151802,587.0,
904.0,967.493,2402.861408,584.0,
905.0,967.653,2404.570449,607.0,
906.0,967.813,2406.278925,590.0,
907.0,967.972,2407.976164,599.0,
908.0,968.132,2409.683514,595.0,
909.0,968.291,2411.379634,589.0,
910.0,968.451,2413.08586,591.0,
911.0,968.61,2414.780863,590.0,
912.0,968.769,2416.47531,596.0,
913.0,968.928,2418.169201,600.0,
914.0,969.088,2419.873184,589.0,
915.0,969.247,2421.565959,592.0,
916.0,969.406,2423.25818,584.0,
917.0,969.565,2424.949845,583.0,
918.0,969.724,2426.640956,590.0,
919.0,969.882,2428.320882,601.0,
920.0,970.041,2430.010887,583.0,
921.0,970.2,2431.700339,578.0,
922.0,970.359,2433.389237,586.0,
923.0,970.517,2435.066965,580.0,
924.0,970.676,2436.75476,573.0,
925.0,970.834,2438.431392,591.0,
926.0,970.993,2440.118085,594.0,
927.0,971.151,2441.793623,593.0,
928.0,971.309,2443.468615,598.0,
929.0,971.467,2445.143063,585.0,
930.0,971.626,2446.827559,583.0,
931.0,971.784,2448.500915,585.0,
932.0,971.942,2450.173726,595.0,
933.0,972.1,2451.845994,590.0,
934.0,972.258,2453.517718,593.0,
935.0,972.415,2455.178323,610.0,
936.0,972.573,2456.848965,583.0,
937.0,972.731,2458.519063,584.0,
938.0,972.889,2460.18862,587.0,
939.0,973.046,2461.847072,587.0,
940.0,973.204,2463.515547,583.0,
941.0,973.361,2465.172926,599.0,
942.0,973.519,2466.840322,588.0,
943.0,973.676,2468.496629,592.0,
944.0,973.833,2470.152401,601.0,
945.0,973.991,2471.818182,570.0,
946.0,974.148,2473.472883,567.0,
947.0,974.305,2475.127052,579.0,
948.0,974.462,2476.780688,596.0,
949.0,974.619,2478.43379,598.0,
950.0,974.776,2480.086361,603.0,
951.0,974.933,2481.738399,578.0,
952.0,975.09,2483.389905,585.0,
953.0,975.246,2485.030365,592.0,
954.0,975.403,2486.680811,576.0,
955.0,975.56,2488.330727,606.0,
956.0,975.716,2489.969607,583.0,
957.0,975.873,2491.618463,599.0,
958.0,976.029,2493.256292,566.0,
959.0,976.186,2494.904092,582.0,
960.0,976.342,2496.540871,577.0,
961.0,976.498,2498.177127,593.0,
962.0,976.654,2499.81286,578.0,
963.0,976.81,2501.448071,578.0,
964.0,976.967,2503.093237,578.0,
965.0,977.123,2504.7274,585.0,
966.0,977.279,2506.361042,587.0,
967.0,977.434,2507.983695,579.0,
968.0,977.59,2509.616297,584.0,
969.0,977.746,2511.248379,590.0,
970.0,977.902,2512.879939,576.0,
971.0,978.057,2514.500526,572.0,
972.0,978.213,2516.131049,577.0,
973.0,978.368,2517.750605,580.0,
974.0,978.524,2519.380092,564.0,
975.0,978.679,2520.998619,586.0,
976.0,978.835,2522.627071,588.0,
977.0,978.99,2524.244569,564.0,
978.0,979.145,2525.861556,568.0,
979.0,979.3,2527.478031,576.0,
980.0,979.455,2529.093994,574.0,
981.0,979.61,2530.709446,582.0,
982.0,979.765,2532.324387,576.0,
983.0,979.92,2533.938816,580.0,
984.0,980.075,2535.552735,582.0,
985.0,980.23,2537.166144,592.0,
986.0,980.385,2538.779043,579.0,
987.0,980.539,2540.38103,578.0,
988.0,980.694,2541.992913,573.0,
989.0,980.849,2543.604285,575.0,
990.0,981.003,2545.204758,594.0,
991.0,981.157,2546.804728,588.0,
992.0,981.312,2548.414581,585.0,
993.0,981.466,2550.013543,576.0,
994.0,981.62,2551.612004,582.0,
995.0,981.775,2553.220339,571.0,
996.0,981.929,2554.817794,559.0,
997.0,982.083,2556.414748,574.0,
998.0,982.237,2558.011201,577.0,
999.0,982.391,2559.607154,568.0,
1000.0,982.545,2561.202607,575.0,
1001.0,982.698,2562.787204,574.0,
1002.0,982.852,2564.38166,558.0,
1003.0,983.006,2565.975616,584.0,
1004.0,983.159,2567.558728,592.0,
1005.0,983.313,2569.151689,580.0,
1006.0,983.466,2570.733812,575.0,
1007.0,983.62,2572.325779,579.0,
1008.0,983.773,2573.906915,557.0,
1009.0,983.927,2575.497888,578.0,
1010.0,984.08,2577.078038,574.0,
1011.0,984.233,2578.657696,572.0,
1012.0,984.386,2580.236863,584.0,
1013.0,984.539,2581.815539,596.0,
1014.0,984.692,2583.393725,566.0,
1015.0,984.845,2584.97142,571.0,
1016.0,984.998,2586.548625,576.0,
1017.0,985.151,2588.125341,581.0,
1018.0,985.304,2589.701566,551.0,
1019.0,985.457,2591.277302,558.0,
1020.0,985.609,2592.842255,574.0,
1021.0,985.762,2594.417016,576.0,
1022.0,985.914,2595.981001,569.0,
1023.0,986.067,2597.554788,582.0,
1024.0,986.219,2599.117806,580.0,
1025.0,986.372,2600.690619,591.0,
1026.0,986.524,2602.25267,573.0,
1027.0,986.676,2603.81424,593.0,
1028.0,986.828,2605.375329,574.0,
1029.0,986.98,2606.935936,580.0,
1030.0,987.133,2608.506326,567.0,
1031.0,987.285,2610.06597,566.0,
1032.0,987.436,2611.614877,573.0,
1033.0,987.588,2613.173564,586.0,
1034.0,987.74,2614.731771,586.0,
1035.0,987.892,2616.289498,579.0,
1036.0,988.044,2617.846746,568.0,
1037.0,988.195,2619.393275,568.0,
1038.0,988.347,2620.949569,553.0,
1039.0,988.498,2622.495149,574.0,
1040.0,988.65,2624.050489,555.0,
1041.0,988.801,2625.595123,575.0,
1042.0,988.952,2627.139284,573.0,
1043.0,989.104,2628.693196,587.0,
1044.0,989.255,2630.236413,557.0,
1045.0,989.406,2631.779158,587.0,
1046.0,989.557,2633.321432,583.0,
1047.0,989.708,2634.863235,594.0,
1048.0,989.859,2636.404569,577.0,
1049.0,990.01,2637.945432,558.0,
1050.0,990.161,2639.485825,562.0,
1051.0,990.312,2641.025748,582.0,
1052.0,990.462,2642.555008,580.0,
1053.0,990.613,2644.093996,580.0,
1054.0,990.764,2645.632514,585.0,
1055.0,990.914,2647.160379,587.0,
1056.0,991.065,2648.697963,571.0,
1057.0,991.215,2650.224901,593.0,
1058.0,991.365,2651.751376,568.0,
1059.0,991.516,2653.287562,576.0,
1060.0,991.666,2654.813111,579.0,
1061.0,991.816,2656.338198,565.0,
1062.0,991.966,2657.862824,572.0,
1063.0,992.116,2659.386989,592.0,
1064.0,992.266,2660.910693,571.0,
1065.0,992.416,2662.433937,580.0,
1066.0,992.566,2663.956721,587.0,
1067.0,992.716,2665.479044,583.0,
1068.0,992.866,2667.000907,574.0,
1069.0,993.015,2668.512169,582.0,
1070.0,993.165,2670.033116,585.0,
1071.0,993.315,2671.553603,602.0,
1072.0,993.464,2673.0635,578.0,
1073.0,993.613,2674.572943,580.0,
1074.0,993.763,2676.09206,576.0,
1075.0,993.912,2677.600595,567.0,
1076.0,994.061,2679.108679,572.0,
1077.0,994.211,2680.626427,563.0,
1078.0,994.36,2682.133603,580.0,
1079.0,994.509,2683.640328,575.0,
1080.0,994.658,2685.146601,562.0,
1081.0,994.807,2686.652423,582.0,
1082.0,994.956,2688.157794,571.0,
1083.0,995.105,2689.662714,582.0,
1084.0,995.253,2691.157088,578.0,
1085.0,995.402,2692.661111,572.0,
1086.0,995.551,2694.164683,576.0,
1087.0,995.699,2695.657718,579.0,
1088.0,995.848,2697.160393,610.0,
1089.0,995.996,2698.652539,585.0,
1090.0,996.145,2700.154318,576.0,
1091.0,996.293,2701.645573,587.0,
1092.0,996.442,2703.146458,583.0,
1093.0,996.59,2704.636824,567.0,
1094.0,996.738,2706.126749,589.0,
1095.0,996.886,2707.61623,602.0,
1096.0,997.034,2709.10527,575.0,
1097.0,997.182,2710.593868,580.0,
1098.0,997.33,2712.082023,564.0,
1099.0,997.478,2713.569738,585.0,
1100.0,997.626,2715.05701,589.0,
1101.0,997.774,2716.543842,581.0,
1102.0,997.921,2718.020191,572.0,
1103.0,998.069,2719.506143,579.0,
1104.0,998.216,2720.98162,596.0,
1105.0,998.364,2722.466694,613.0,
1106.0,998.511,2723.941299,590.0,
1107.0,998.659,2725.425496,597.0,
1108.0,998.806,2726.89923,585.0,
1109.0,998.953,2728.37253,596.0,
1110.0,999.101,2729.855414,608.0,
1111.0,999.248,2731.327844,591.0,
1112.0,999.395,2732.799841,594.0,
1113.0,999.542,2734.271405,615.0,
1114.0,999.689,2735.742536,588.0,
1115.0,999.836,2737.213234,605.0,
1116.0,999.983,2738.6835,594.0,
1117.0,1000.129,2740.143337,593.0,
1118.0,1000.276,2741.612742,594.0,
1119.0,1000.423,2743.081715,590.0,
1120.0,1000.57,2744.550256,583.0,
1121.0,1000.716,2746.00838,589.0,
1122.0,1000.863,2747.476062,597.0,
1123.0,1001.009,2748.933333,601.0,
1124.0,1001.155,2750.390178,586.0,
1125.0,1001.302,2751.856573,580.0,
1126.0,1001.448,2753.312566,588.0,
1127.0,1001.594,2754.768135,589.0,
1128.0,1001.74,2756.22328,586.0,
1129.0,1001.886,2757.678,586.0,
1130.0,1002.032,2759.132297,595.0,
1131.0,1002.178,2760.586169,590.0,
1132.0,1002.324,2762.039619,614.0,
1133.0,1002.47,2763.492645,591.0,
1134.0,1002.616,2764.945247,620.0,
1135.0,1002.761,2766.387482,602.0,
1136.0,1002.907,2767.839242,577.0,
1137.0,1003.053,2769.290579,574.0,
1138.0,1003.198,2770.731557,593.0,
1139.0,1003.344,2772.182053,591.0,
1140.0,1003.489,2773.622195,595.0,
1141.0,1003.634,2775.061922,602.0,
1142.0,1003.78,2776.511157,593.0,
1143.0,1003.925,2777.950049,599.0,
1144.0,1004.07,2779.388526,581.0,
1145.0,1004.215,2780.826587,591.0,
1146.0,1004.36,2782.264232,581.0,
1147.0,1004.505,2783.701463,582.0,
1148.0,1004.65,2785.138279,601.0,
1149.0,1004.795,2786.57468,602.0,
1150.0,1004.94,2788.010667,600.0,
1151.0,1005.085,2789.446239,593.0,
1152.0,1005.229,2790.871501,597.0,
1153.0,1005.374,2792.306248,595.0,
1154.0,1005.518,2793.730691,614.0,
1155.0,1005.663,2795.164613,584.0,
1156.0,1005.807,2796.588238,579.0,
1157.0,1005.952,2798.021336,589.0,
1158.0,1006.096,2799.444143,604.0,
1159.0,1006.24,2800.866542,582.0,
1160.0,1006.385,2802.298407,606.0,
1161.0,1006.529,2803.71999,591.0,
1162.0,1006.673,2805.141166,586.0,
1163.0,1006.817,2806.561935,593.0,
1164.0,1006.961,2807.982298,603.0,
1165.0,1007.105,2809.402254,589.0,
1166.0,1007.249,2810.821805,597.0,
1167.0,1007.392,2812.231096,595.0,
1168.0,1007.536,2813.649838,585.0,
1169.0,1007.68,2815.068175,610.0,
1170.0,1007.823,2816.47626,595.0,
1171.0,1007.967,2817.893789,604.0,
1172.0,1008.11,2819.301073,599.0,
1173.0,1008.254,2820.717795,627.0,
1174.0,1008.397,2822.124278,591.0,
1175.0,1008.54,2823.530363,596.0,
1176.0,1008.684,2824.945877,602.0,
1177.0,1008.827,2826.351161,623.0,
1178.0,1008.97,2827.756047,614.0,
1179.0,1009.113,2829.160535,604.0,
1180.0,1009.256,2830.564625,608.0,
1181.0,1009.399,2831.968317,617.0,
1182.0,1009.542,2833.371611,623.0,
1183.0,1009.685,2834.774508,606.0,
1184.0,1009.827,2836.167201,621.0,
1185.0,1009.97,2837.569307,610.0,
1186.0,1010.113,2838.971015,610.0,
1187.0,1010.255,2840.362528,629.0,
1188.0,1010.398,2841.763446,617.0,
1189.0,1010.54,2843.154174,610.0,
1190.0,1010.683,2844.554302,627.0,
1191.0,1010.825,2845.944246,632.0,
1192.0,1010.967,2847.3338,626.0,
1193.0,1011.109,2848.722963,623.0,
1194.0,1011.252,2850.121516,667.0,
1195.0,1011.394,2851.509896,651.0,
1196.0,1011.536,2852.897887,656.0,
1197.0,1011.678,2854.285488,649.0,
1198.0,1011.819,2855.662933,655.0,
1199.0,1011.961,2857.049758,654.0,
1200.0,1012.103,2858.436194,676.0,
1201.0,1012.245,2859.822241,660.0,
1202.0,1012.387,2861.207899,675.0,
1203.0,1012.528,2862.583415,672.0,
1204.0,1012.67,2863.968299,650.0,
1205.0,1012.811,2865.343046,672.0,
1206.0,1012.953,2866.727156,678.0,
1207.0,1013.094,2868.101135,674.0,
1208.0,1013.235,2869.474731,690.0,
1209.0,1013.376,2870.847946,686.0,
1210.0,1013.518,2872.230513,698.0,
1211.0,1013.659,2873.60296,701.0,
1212.0,1013.8,2874.975026,713.0,
1213.0,1013.941,2876.34671,732.0,
1214.0,1014.082,2877.718013,742.0,
1215.0,1014.223,2879.088935,741.0,
1216.0,1014.363,2880.449756,778.0,
1217.0,1014.504,2881.819918,754.0,
1218.0,1014.645,2883.1897,786.0,
1219.0,1014.786,2884.5591,800.0,
1220.0,1014.926,2885.918412,800.0,
1221.0,1015.067,2887.287055,793.0,
1222.0,1015.207,2888.645615,784.0,
1223.0,1015.347,2890.0038,827.0,
1224.0,1015.488,2891.371307,791.0,
1225.0,1015.628,2892.728741,788.0,
1226.0,1015.768,2894.0858,817.0,
1227.0,1015.908,2895.442486,806.0,
1228.0,1016.049,2896.808484,834.0,
1229.0,1016.189,2898.164419,801.0,
1230.0,1016.329,2899.51998,845.0,
1231.0,1016.468,2900.86549,869.0,
1232.0,1016.608,2902.220307,826.0,
1233.0,1016.748,2903.574752,861.0,
1234.0,1016.888,2904.928823,859.0,
1235.0,1017.027,2906.272854,835.0,
1236.0,1017.167,2907.626183,862.0,
1237.0,1017.307,2908.979139,875.0,
1238.0,1017.446,2910.322063,870.0,
1239.0,1017.586,2911.674277,868.0,
1240.0,1017.725,2913.016465,847.0,
1241.0,1017.864,2914.358286,835.0,
1242.0,1018.003,2915.69974,865.0,
1243.0,1018.143,2917.050476,817.0,
1244.0,1018.282,2918.391195,803.0,
1245.0,1018.421,2919.731549,819.0,
1246.0,1018.56,2921.071536,810.0,
1247.0,1018.699,2922.411159,821.0,
1248.0,1018.838,2923.750415,819.0,
1249.0,1018.976,2925.079675,824.0,
1250.0,1019.115,2926.418204,844.0,
1251.0,1019.254,2927.756367,822.0,
1252.0,1019.393,2929.094166,863.0,
1253.0,1019.531,2930.421979,876.0,
1254.0,1019.67,2931.759051,870.0,
1255.0,1019.808,2933.086143,862.0,
1256.0,1019.946,2934.412876,858.0,
1257.0,1020.085,2935.74886,876.0,
1258.0,1020.223,2937.074872,886.0,
1259.0,1020.361,2938.400526,870.0,
1260.0,1020.499,2939.725822,884.0,
1261.0,1020.637,2941.050758,884.0,
1262.0,1020.775,2942.375337,838.0,
1263.0,1020.913,2943.699558,857.0,
1264.0,1021.051,2945.02342,864.0,
1265.0,1021.189,2946.346925,816.0,
1266.0,1021.327,2947.670072,856.0,
1267.0,1021.465,2948.992862,795.0,
1268.0,1021.602,2950.305713,814.0,
1269.0,1021.74,2951.62779,804.0,
1270.0,1021.877,2952.939934,768.0,
1271.0,1022.015,2954.261301,781.0,
1272.0,1022.152,2955.572739,770.0,
1273.0,1022.29,2956.893394,797.0,
1274.0,1022.427,2958.204127,798.0,
1275.0,1022.564,2959.514508,783.0,
1276.0,1022.701,2960.824539,765.0,
1277.0,1022.839,2962.143777,752.0,
1278.0,1022.976,2963.453103,781.0,
1279.0,1023.113,2964.762078,753.0,
1280.0,1023.25,2966.070703,777.0,
1281.0,1023.386,2967.36943,741.0,
1282.0,1023.523,2968.677357,728.0,
1283.0,1023.66,2969.984934,723.0,
1284.0,1023.797,2971.29216,737.0,
1285.0,1023.933,2972.5895,733.0,
1286.0,1024.07,2973.89603,734.0,
1287.0,1024.206,2975.192677,739.0,
1288.0,1024.343,2976.498511,704.0,
1289.0,1024.479,2977.794467,730.0,
1290.0,1024.615,2979.09008,724.0,
1291.0,1024.752,2980.394871,748.0,
1292.0,1024.888,2981.689794,726.0,
1293.0,1025.024,2982.984372,711.0,
1294.0,1025.16,2984.278608,703.0,
1295.0,1025.296,2985.572499,740.0,
1296.0,1025.432,2986.866048,707.0,
1297.0,1025.568,2988.159254,720.0,
1298.0,1025.704,2989.452116,718.0,
1299.0,1025.84,2990.744636,691.0,
1300.0,1025.975,2992.027313,713.0,
1301.0,1026.111,2993.319151,689.0,
1302.0,1026.246,2994.60115,726.0,
1303.0,1026.382,2995.892306,679.0,
1304.0,1026.517,2997.173628,696.0,
1305.0,1026.653,2998.464102,688.0,
1306.0,1026.788,2999.744749,673.0,
1307.0,1026.923,3001.025058,699.0,
1308.0,1027.059,3002.314512,673.0,
1309.0,1027.194,3003.594146,665.0,
1310.0,1027.329,3004.873444,675.0,
1311.0,1027.464,3006.152406,672.0,
1312.0,1027.599,3007.431032,650.0,
1313.0,1027.734,3008.709322,666.0,
1314.0,1027.869,3009.987276,650.0,
1315.0,1028.003,3011.255432,665.0,
1316.0,1028.138,3012.532717,652.0,
1317.0,1028.273,3013.809668,664.0,
1318.0,1028.407,3015.076827,649.0,
1319.0,1028.542,3016.353109,662.0,
1320.0,1028.676,3017.619606,652.0,
1321.0,1028.811,3018.895221,659.0,
1322.0,1028.945,3020.161056,661.0,
1323.0,1029.079,3021.426561,669.0,
1324.0,1029.214,3022.701177,639.0,
1325.0,1029.348,3023.966021,650.0,
1326.0,1029.482,3025.230536,654.0,
1327.0,1029.616,3026.494721,652.0,
1328.0,1029.75,3027.758577,675.0,
1329.0,1029.884,3029.022105,647.0,
1330.0,1030.018,3030.285303,670.0,
1331.0,1030.152,3031.548173,653.0,
1332.0,1030.285,3032.801294,663.0,
1333.0,1030.419,3034.06351,649.0,
1334.0,1030.553,3035.325397,652.0,
1335.0,1030.686,3036.577543,656.0,
1336.0,1030.82,3037.838777,627.0,
1337.0,1030.953,3039.090274,646.0,
1338.0,1031.086,3040.341449,625.0,
1339.0,1031.22,3041.601704,647.0,
1340.0,1031.353,3042.852231,646.0,
1341.0,1031.486,3044.102435,636.0,
1342.0,1031.619,3045.352317,660.0,
1343.0,1031.752,3046.601877,671.0,
1344.0,1031.885,3047.851114,657.0,
1345.0,1032.018,3049.10003,664.0,
1346.0,1032.151,3050.348624,686.0,
1347.0,1032.284,3051.596896,705.0,
1348.0,1032.417,3052.844846,658.0,
1349.0,1032.549,3054.083095,683.0,
1350.0,1032.682,3055.330405,681.0,
1351.0,1032.815,3056.577394,674.0,
1352.0,1032.947,3057.814689,679.0,
1353.0,1033.079,3059.051668,669.0,
1354.0,1033.212,3060.297699,678.0,
1355.0,1033.344,3061.534043,659.0,
1356.0,1033.476,3062.770072,685.0,
1357.0,1033.609,3064.015146,678.0,
1358.0,1033.741,3065.250541,693.0,
1359.0,1033.873,3066.48562,685.0,
1360.0,1034.005,3067.720385,685.0,
1361.0,1034.137,3068.954834,671.0,
1362.0,1034.269,3070.188968,703.0,
1363.0,1034.4,3071.413441,701.0,
1364.0,1034.532,3072.646948,705.0,
1365.0,1034.664,3073.88014,697.0,
1366.0,1034.796,3075.113017,702.0,
1367.0,1034.927,3076.336244,701.0,
1368.0,1035.059,3077.568494,706.0,
1369.0,1035.19,3078.791099,690.0,
1370.0,1035.321,3080.013395,696.0,
1371.0,1035.453,3081.244708,706.0,
1372.0,1035.584,3082.466382,712.0,
1373.0,1035.715,3083.687748,731.0,
1374.0,1035.846,3084.908805,703.0,
1375.0,1035.977,3086.129553,708.0,
1376.0,1036.108,3087.349992,723.0,
1377.0,1036.239,3088.570123,713.0,
1378.0,1036.37,3089.789945,735.0,
1379.0,1036.501,3091.009459,686.0,
1380.0,1036.632,3092.228664,711.0,
1381.0,1036.762,3093.438258,722.0,
1382.0,1036.893,3094.65685,697.0,
1383.0,1037.024,3095.875134,734.0,
1384.0,1037.154,3097.083814,722.0,
1385.0,1037.285,3098.301485,737.0,
1386.0,1037.415,3099.509557,719.0,
1387.0,1037.545,3100.717326,715.0,
1388.0,1037.676,3101.934079,743.0,
1389.0,1037.806,3103.141241,725.0,
1390.0,1037.936,3104.3481,750.0,
1391.0,1038.066,3105.554657,740.0,
1392.0,1038.196,3106.760912,749.0,
1393.0,1038.326,3107.966864,716.0,
1394.0,1038.456,3109.172515,733.0,
1395.0,1038.586,3110.377864,722.0,
1396.0,1038.715,3111.573643,745.0,
1397.0,1038.845,3112.778391,730.0,
1398.0,1038.975,3113.982837,761.0,
1399.0,1039.104,3115.177721,729.0,
1400.0,1039.234,3116.381567,717.0,
1401.0,1039.363,3117.575855,740.0,
1402.0,1039.493,3118.779102,725.0,
1403.0,1039.622,3119.972795,742.0,
1404.0,1039.751,3121.166192,744.0,
1405.0,1039.88,3122.359292,723.0,
1406.0,1040.01,3123.561343,746.0,
1407.0,1040.139,3124.753849,759.0,
1408.0,1040.268,3125.94606,744.0,
1409.0,1040.397,3127.137975,715.0,
1410.0,1040.525,3128.320359,760.0,
1411.0,1040.654,3129.511685,748.0,
1412.0,1040.783,3130.702717,755.0,
1413.0,1040.912,3131.893453,780.0,
1414.0,1041.04,3133.074667,775.0,
1415.0,1041.169,3134.264815,760.0,
1416.0,1041.297,3135.445446,781.0,
1417.0,1041.426,3136.635007,778.0,
1418.0,1041.554,3137.815055,767.0,
1419.0,1041.682,3138.994813,740.0,
1420.0,1041.811,3140.183495,750.0,
1421.0,1041.939,3141.362671,743.0,
1422.0,1042.067,3142.541558,761.0,
1423.0,1042.195,3143.720155,748.0,
1424.0,1042.323,3144.898462,730.0,
1425.0,1042.451,3146.076481,732.0,
1426.0,1042.579,3147.25421,723.0,
1427.0,1042.707,3148.431649,752.0,
1428.0,1042.834,3149.599605,775.0,
1429.0,1042.962,3150.776469,786.0,
1430.0,1043.09,3151.953044,793.0,
1431.0,1043.217,3153.120142,726.0,
1432.0,1043.345,3154.296142,752.0,
1433.0,1043.472,3155.46267,749.0,
1434.0,1043.599,3156.628913,766.0,
1435.0,1043.727,3157.804053,780.0,
1436.0,1043.854,3158.969726,765.0,
1437.0,1043.981,3160.135117,792.0,
1438.0,1044.108,3161.300223,768.0,
1439.0,1044.235,3162.465047,785.0,
1440.0,1044.362,3163.629587,784.0,
1441.0,1044.489,3164.793843,770.0,
1442.0,1044.616,3165.957817,771.0,
1443.0,1044.743,3167.121508,772.0,
1444.0,1044.87,3168.284916,782.0,
1445.0,1044.996,3169.438883,744.0,
1446.0,1045.123,3170.601728,753.0,
1447.0,1045.249,3171.755137,771.0,
1448.0,1045.376,3172.917419,760.0,
1449.0,1045.502,3174.07027,746.0,
1450.0,1045.629,3175.231989,779.0,
1451.0,1045.755,3176.384282,757.0,
1452.0,1045.881,3177.536298,770.0,
1453.0,1046.007,3178.688036,781.0,
1454.0,1046.133,3179.839496,768.0,
1455.0,1046.259,3180.99068,784.0,
1456.0,1046.385,3182.141585,772.0,
1457.0,1046.511,3183.292214,762.0,
1458.0,1046.637,3184.442566,788.0,
1459.0,1046.763,3185.592641,791.0,
1460.0,1046.888,3186.733315,762.0,
1461.0,1047.014,3187.882838,770.0,
1462.0,1047.14,3189.032085,800.0,
1463.0,1047.265,3190.171937,792.0,
1464.0,1047.391,3191.320633,788.0,
1465.0,1047.516,3192.45994,815.0,
1466.0,1047.641,3193.598974,795.0,
1467.0,1047.767,3194.746846,811.0,
1468.0,1047.892,3195.885335,809.0,
1469.0,1048.017,3197.023552,777.0,
1470.0,1048.142,3198.161498,779.0,
1471.0,1048.267,3199.299172,758.0,
1472.0,1048.392,3200.436575,792.0,
1473.0,1048.517,3201.573707,773.0,
1474.0,1048.642,3202.710568,766.0,
1475.0,1048.766,3203.838066,781.0,
1476.0,1048.891,3204.974387,768.0,
1477.0,1049.016,3206.110437,758.0,
1478.0,1049.14,3207.237132,763.0,
1479.0,1049.265,3208.372643,741.0,
1480.0,1049.389,3209.498802,769.0,
1481.0,1049.513,3210.624696,758.0,
1482.0,1049.638,3211.7594,760.0,
1483.0,1049.762,3212.88476,780.0,
1484.0,1049.886,3214.009853,775.0,
1485.0,1050.01,3215.134681,754.0,
1486.0,1050.134,3216.259244,796.0,
1487.0,1050.258,3217.383541,793.0,
1488.0,1050.382,3218.507572,800.0,
1489.0,1050.506,3219.631338,748.0,
1490.0,1050.63,3220.754839,782.0,
1491.0,1050.753,3221.869017,792.0,
1492.0,1050.877,3222.991989,774.0,
1493.0,1051.001,3224.114697,792.0,
1494.0,1051.124,3225.228089,755.0,
1495.0,1051.247,3226.34122,765.0,
1496.0,1051.371,3227.463138,770.0,
1497.0,1051.494,3228.575746,762.0,
1498.0,1051.617,3229.688094,759.0,
1499.0,1051.741,3230.809222,752.0,
1500.0,1051.864,3231.921048,754.0,
1501.0,1051.987,3233.032614,773.0,
1502.0,1052.11,3234.14392,774.0,
1503.0,1052.233,3235.254966,772.0,
1504.0,1052.356,3236.365752,740.0,
1505.0,1052.478,3237.467251,790.0,
1506.0,1052.601,3238.57752,763.0,
1507.0,1052.724,3239.68753,757.0,
1508.0,1052.846,3240.788259,758.0,
1509.0,1052.969,3241.897752,754.0,
1510.0,1053.091,3242.997969,764.0,
1511.0,1053.214,3244.106946,763.0,
1512.0,1053.336,3245.206652,768.0,
1513.0,1053.458,3246.306102,776.0,
1514.0,1053.581,3247.414307,761.0,
1515.0,1053.703,3248.513246,745.0,
1516.0,1053.825,3249.611931,762.0,
1517.0,1053.947,3250.710361,752.0,
1518.0,1054.069,3251.808537,742.0,
1519.0,1054.191,3252.906459,754.0,
1520.0,1054.312,3253.995131,755.0,
1521.0,1054.434,3255.092547,763.0,
1522.0,1054.556,3256.189709,723.0,
1523.0,1054.677,3257.277627,768.0,
1524.0,1054.799,3258.374284,747.0,
1525.0,1054.921,3259.470687,745.0,
1526.0,1055.042,3260.557852,751.0,
1527.0,1055.163,3261.644769,743.0,
1528.0,1055.285,3262.740415,757.0,
1529.0,1055.406,3263.826831,731.0,
1530.0,1055.527,3264.912998,738.0,
1531.0,1055.648,3265.998915,718.0,
1532.0,1055.769,3267.084584,782.0,
1533.0,1055.89,3268.170004,739.0,
1534.0,1056.011,3269.255175,730.0,
1535.0,1056.132,3270.340098,757.0,
1536.0,1056.253,3271.424772,727.0,
1537.0,1056.373,3272.500236,738.0,
1538.0,1056.494,3273.584415,743.0,
1539.0,1056.614,3274.659389,740.0,
1540.0,1056.735,3275.743073,748.0,
1541.0,1056.855,3276.817557,761.0,
1542.0,1056.976,3277.900747,745.0,
1543.0,1057.096,3278.974741,767.0,
1544.0,1057.216,3280.048491,743.0,
1545.0,1057.336,3281.121997,747.0,
1546.0,1057.457,3282.204202,748.0,
1547.0,1057.577,3283.277219,753.0,
1548.0,1057.697,3284.349992,730.0,
1549.0,1057.816,3285.413585,743.0,
1550.0,1057.936,3286.485874,716.0,
1551.0,1058.056,3287.55792,731.0,
1552.0,1058.176,3288.629722,711.0,
1553.0,1058.295,3289.692352,735.0,
1554.0,1058.415,3290.763671,745.0,
1555.0,1058.534,3291.825822,735.0,
1556.0,1058.654,3292.896656,733.0,
1557.0,1058.773,3293.958327,703.0,
1558.0,1058.893,3295.028679,721.0,
1559.0,1059.012,3296.089871,696.0,
1560.0,1059.131,3297.150824,725.0,
1561.0,1059.25,3298.21154,734.0,
1562.0,1059.369,3299.272016,700.0,
1563.0,1059.488,3300.332255,781.0,
1564.0,1059.607,3301.392256,711.0,
1565.0,1059.726,3302.452018,713.0,
1566.0,1059.845,3303.511543,733.0,
1567.0,1059.963,3304.561929,698.0,
1568.0,1060.082,3305.62098,738.0,
1569.0,1060.201,3306.679793,715.0,
1570.0,1060.319,3307.729474,738.0,
1571.0,1060.438,3308.787813,706.0,
1572.0,1060.556,3309.837025,709.0,
1573.0,1060.674,3310.886003,726.0,
1574.0,1060.792,3311.934748,716.0,
1575.0,1060.911,3312.992144,700.0,
1576.0,1061.029,3314.040421,729.0,
1577.0,1061.147,3315.088464,696.0,
1578.0,1061.265,3316.136274,716.0,
1579.0,1061.383,3317.183851,728.0,
1580.0,1061.5,3318.222321,713.0,
1581.0,1061.618,3319.269434,699.0,
1582.0,1061.736,3320.316315,693.0,
1583.0,1061.854,3321.362963,714.0,
1584.0,1061.971,3322.400512,697.0,
1585.0,1062.089,3323.446696,692.0,
1586.0,1062.206,3324.483786,722.0,
1587.0,1062.323,3325.520647,722.0,
1588.0,1062.441,3326.566139,694.0,
1589.0,1062.558,3327.602541,701.0,
1590.0,1062.675,3328.638715,718.0,
1591.0,1062.792,3329.674661,705.0,
1592.0,1062.909,3330.710379,713.0,
1593.0,1063.026,3331.745869,690.0,
1594.0,1063.143,3332.781131,696.0,
1595.0,1063.26,3333.816165,704.0,
1596.0,1063.377,3334.850972,719.0,
1597.0,1063.493,3335.876709,700.0,
1598.0,1063.61,3336.911062,689.0,
1599.0,1063.726,3337.93635,715.0,
1600.0,1063.843,3338.97025,675.0,
1601.0,1063.959,3339.995089,702.0,
1602.0,1064.076,3341.028536,697.0,
1603.0,1064.192,3342.052926,687.0,
1604.0,1064.308,3343.077093,724.0,
1605.0,1064.424,3344.101036,715.0,
1606.0,1064.54,3345.124756,709.0,
1607.0,1064.656,3346.148254,676.0,
1608.0,1064.772,3347.171528,706.0,
1609.0,1064.888,3348.194579,713.0,
1610.0,1065.004,3349.217408,704.0,
1611.0,1065.12,3350.240014,698.0,
1612.0,1065.235,3351.253584,679.0,
1613.0,1065.351,3352.275746,685.0,
1614.0,1065.466,3353.288877,693.0,
1615.0,1065.582,3354.310596,690.0,
1616.0,1065.697,3355.323288,689.0,
1617.0,1065.813,3356.344564,684.0,
1618.0,1065.928,3357.356817,699.0,
1619.0,1066.043,3358.368851,687.0,
1620.0,1066.158,3359.380667,690.0,
1621.0,1066.273,3360.392265,700.0,
1622.0,1066.388,3361.403644,670.0,
1623.0,1066.503,3362.414806,686.0,
1624.0,1066.618,3363.425749,687.0,
1625.0,1066.733,3364.436475,687.0,
1626.0,1066.847,3365.438196,683.0,
1627.0,1066.962,3366.448488,687.0,
1628.0,1067.077,3367.458562,689.0,
1629.0,1067.191,3368.459637,718.0,
1630.0,1067.306,3369.469278,703.0,
1631.0,1067.42,3370.469924,691.0,
1632.0,1067.534,3371.470357,665.0,
1633.0,1067.648,3372.470575,680.0,
1634.0,1067.763,3373.479352,681.0,
1635.0,1067.877,3374.479142,688.0,
1636.0,1067.991,3375.478718,685.0,
1637.0,1068.105,3376.478081,701.0,
1638.0,1068.219,3377.477231,672.0,
1639.0,1068.332,3378.467406,686.0,
1640.0,1068.446,3379.466131,677.0,
1641.0,1068.56,3380.464643,710.0,
1642.0,1068.673,3381.454186,667.0,
1643.0,1068.787,3382.452275,693.0,
1644.0,1068.9,3383.441397,695.0,
1645.0,1069.014,3384.439061,682.0,
1646.0,1069.127,3385.427764,673.0,
1647.0,1069.24,3386.416258,682.0,
1648.0,1069.354,3387.413288,669.0,
1649.0,1069.467,3388.401362,667.0,
1650.0,1069.58,3389.389227,699.0,
1651.0,1069.693,3390.376884,668.0,
1652.0,1069.806,3391.364332,664.0,
1653.0,1069.918,3392.342836,686.0,
1654.0,1070.031,3393.329869,669.0,
1655.0,1070.144,3394.316693,689.0,
1656.0,1070.256,3395.294579,669.0,
1657.0,1070.369,3396.280988,674.0,
1658.0,1070.482,3397.26719,665.0,
1659.0,1070.594,3398.244458,684.0,
1660.0,1070.706,3399.221522,662.0,
1661.0,1070.819,3400.207103,677.0,
1662.0,1070.931,3401.183756,661.0,
1663.0,1071.043,3402.160205,655.0,
1664.0,1071.155,3403.13645,642.0,
1665.0,1071.267,3404.112491,664.0,
1666.0,1071.379,3405.088328,666.0,
1667.0,1071.491,3406.06396,641.0,
1668.0,1071.603,3407.039389,647.0,
1669.0,1071.714,3408.005908,652.0,
1670.0,1071.826,3408.980931,651.0,
1671.0,1071.937,3409.947047,657.0,
1672.0,1072.049,3410.921664,667.0,
1673.0,1072.16,3411.887379,668.0,
1674.0,1072.272,3412.861591,662.0,
1675.0,1072.383,3413.826904,655.0,
1676.0,1072.494,3414.792017,660.0,
1677.0,1072.605,3415.75693,674.0,
1678.0,1072.717,3416.730334,654.0,
1679.0,1072.828,3417.694846,662.0,
1680.0,1072.938,3418.650472,661.0,
1681.0,1073.049,3419.614587,639.0,
1682.0,1073.16,3420.578502,666.0,
1683.0,1073.271,3421.542218,620.0,
1684.0,1073.382,3422.505735,662.0,
1685.0,1073.492,3423.460375,663.0,
1686.0,1073.603,3424.423495,643.0,
1687.0,1073.713,3425.377742,650.0,
1688.0,1073.823,3426.331793,645.0,
1689.0,1073.934,3427.29432,636.0,
1690.0,1074.044,3428.247979,634.0,
1691.0,1074.154,3429.201442,630.0,
1692.0,1074.264,3430.15471,655.0,
1693.0,1074.374,3431.107783,635.0,
1694.0,1074.484,3432.060661,654.0,
1695.0,1074.594,3433.013344,643.0,
1696.0,1074.704,3433.965832,656.0,
1697.0,1074.814,3434.918125,661.0,
1698.0,1074.923,3435.861568,647.0,
1699.0,1075.033,3436.813473,657.0,
1700.0,1075.142,3437.756532,644.0,
1701.0,1075.252,3438.708049,644.0,
1702.0,1075.361,3439.650724,655.0,
1703.0,1075.47,3440.593208,624.0,
1704.0,1075.58,3441.544145,636.0,
1705.0,1075.689,3442.486245,638.0,
1706.0,1075.798,3443.428154,659.0,
1707.0,1075.907,3444.369872,642.0,
1708.0,1076.016,3445.3114,616.0,
1709.0,1076.125,3446.252737,639.0,
1710.0,1076.234,3447.193883,637.0,
1711.0,1076.342,3448.126206,628.0,
1712.0,1076.451,3449.066973,620.0,
1713.0,1076.56,3450.007549,632.0,
1714.0,1076.668,3450.939309,636.0,
1715.0,1076.776,3451.870881,624.0,
1716.0,1076.885,3452.81089,613.0,
1717.0,1076.993,3453.742086,596.0,
1718.0,1077.101,3454.673097,622.0,
1719.0,1077.21,3455.612538,630.0,
1720.0,1077.318,3456.543173,623.0,
1721.0,1077.426,3457.473622,617.0,
1722.0,1077.534,3458.403884,615.0,
1723.0,1077.641,3459.325349,608.0,
1724.0,1077.749,3460.25524,596.0,
1725.0,1077.857,3461.184944,617.0,
1726.0,1077.965,3462.114462,615.0,
1727.0,1078.072,3463.03519,608.0,
1728.0,1078.18,3463.964338,620.0,
1729.0,1078.287,3464.884699,617.0,
1730.0,1078.394,3465.804877,603.0,
1731.0,1078.502,3466.73347,624.0,
1732.0,1078.609,3467.653281,610.0,
1733.0,1078.716,3468.57291,631.0,
1734.0,1078.823,3469.492357,604.0,
1735.0,1078.93,3470.411621,608.0,
1736.0,1079.037,3471.330703,592.0,
1737.0,1079.144,3472.249602,608.0,
1738.0,1079.251,3473.16832,619.0,
1739.0,1079.357,3474.078271,604.0,
1740.0,1079.464,3474.996626,590.0,
1741.0,1079.571,3475.914799,611.0,
1742.0,1079.677,3476.824211,614.0,
1743.0,1079.783,3477.733445,603.0,
1744.0,1079.89,3478.651075,575.0,
1745.0,1079.996,3479.55995,591.0,
1746.0,1080.102,3480.468647,604.0,
1747.0,1080.208,3481.377165,604.0,
1748.0,1080.314,3482.285505,593.0,
1749.0,1080.42,3483.193667,599.0,
1750.0,1080.526,3484.101651,588.0,
1751.0,1080.632,3485.009456,573.0,
1752.0,1080.738,3485.917084,600.0,
1753.0,1080.843,3486.815973,593.0,
1754.0,1080.949,3487.723246,575.0,
1755.0,1081.055,3488.630342,598.0,
1756.0,1081.16,3489.528704,593.0,
1757.0,1081.265,3490.426892,595.0,
1758.0,1081.371,3491.333457,612.0,
1759.0,1081.476,3492.231294,602.0,
1760.0,1081.581,3493.128957,591.0,
1761.0,1081.686,3494.026446,584.0,
1762.0,1081.791,3494.923761,562.0,
1763.0,1081.896,3495.820901,584.0,
1764.0,1082.001,3496.717867,592.0,
1765.0,1082.106,3497.61466,597.0,
1766.0,1082.21,3498.502739,591.0,
1767.0,1082.315,3499.399185,585.0,
1768.0,1082.42,3500.295457,596.0,
1769.0,1082.524,3501.183022,572.0,
1770.0,1082.629,3502.078948,597.0,
1771.0,1082.733,3502.96617,564.0,
1772.0,1082.837,3503.853222,586.0,
1773.0,1082.941,3504.740103,563.0,
1774.0,1083.045,3505.626814,592.0,
1775.0,1083.149,3506.513354,580.0,
1776.0,1083.253,3507.399725,584.0,
1777.0,1083.357,3508.285925,595.0,
1778.0,1083.461,3509.171955,591.0,
1779.0,1083.565,3510.057815,574.0,
1780.0,1083.669,3510.943505,586.0,
1781.0,1083.772,3511.820511,579.0,
1782.0,1083.876,3512.705863,588.0,
1783.0,1083.979,3513.582534,570.0,
1784.0,1084.082,3514.459039,589.0,
1785.0,1084.186,3515.343884,581.0,
1786.0,1084.289,3516.220054,564.0,
1787.0,1084.392,3517.096058,591.0,
1788.0,1084.495,3517.971895,573.0,
1789.0,1084.598,3518.847566,562.0,
1790.0,1084.701,3519.72307,587.0,
1791.0,1084.804,3520.598408,576.0,
1792.0,1084.907,3521.47358,574.0,
1793.0,1085.009,3522.340092,570.0,
1794.0,1085.112,3523.214933,562.0,
1795.0,1085.215,3524.089608,566.0,
1796.0,1085.317,3524.955628,580.0,
1797.0,1085.419,3525.821485,574.0,
1798.0,1085.522,3526.695666,554.0,
1799.0,1085.624,3527.561196,569.0,
1800.0,1085.726,3528.426563,568.0,
1801.0,1085.828,3529.291768,545.0,
1802.0,1085.93,3530.15681,574.0,
1803.0,1086.032,3531.02169,558.0,
1804.0,1086.134,3531.886407,571.0,
1805.0,1086.236,3532.750962,547.0,
1806.0,1086.337,3533.606881,584.0,
1807.0,1086.439,3534.471113,565.0,
1808.0,1086.541,3535.335182,561.0,
1809.0,1086.642,3536.190621,550.0,
1810.0,1086.744,3537.054367,565.0,
1811.0,1086.845,3537.909486,554.0,
1812.0,1086.946,3538.764446,560.0,
1813.0,1087.047,3539.619247,554.0,
1814.0,1087.148,3540.47389,544.0,
1815.0,1087.249,3541.328373,572.0,
1816.0,1087.35,3542.182698,562.0,
1817.0,1087.451,3543.036864,557.0,
1818.0,1087.552,3543.890872,561.0,
1819.0,1087.653,3544.74472,547.0,
1820.0,1087.753,3545.589959,574.0,
1821.0,1087.854,3546.443492,567.0,
1822.0,1087.954,3547.288419,568.0,
1823.0,1088.055,3548.141637,551.0,
1824.0,1088.155,3548.986251,550.0,
1825.0,1088.255,3549.83071,560.0,
1826.0,1088.356,3550.683456,547.0,
1827.0,1088.456,3551.527603,554.0,
1828.0,1088.556,3552.371595,550.0,
1829.0,1088.656,3553.215432,558.0,
1830.0,1088.755,3554.050678,558.0,
1831.0,1088.855,3554.894206,554.0,
1832.0,1088.955,3555.73758,548.0,
1833.0,1089.055,3556.580799,540.0,
1834.0,1089.154,3557.415433,551.0,
1835.0,1089.254,3558.258344,538.0,
1836.0,1089.353,3559.092673,558.0,
1837.0,1089.452,3559.92685,541.0,
1838.0,1089.552,3560.7693,553.0,
1839.0,1089.651,3561.603173,544.0,
1840.0,1089.75,3562.436894,550.0,
1841.0,1089.849,3563.270464,524.0,
1842.0,1089.948,3564.103882,549.0,
1843.0,1090.047,3564.937149,541.0,
1844.0,1090.145,3565.76185,557.0,
1845.0,1090.244,3566.594816,548.0,
1846.0,1090.343,3567.427631,535.0,
1847.0,1090.441,3568.251884,566.0,
1848.0,1090.54,3569.084398,548.0,
1849.0,1090.638,3569.908354,537.0,
1850.0,1090.737,3570.740567,552.0,
1851.0,1090.835,3571.564225,542.0,
1852.0,1090.933,3572.387735,541.0,
1853.0,1091.031,3573.211097,541.0,
1854.0,1091.129,3574.034311,544.0,
1855.0,1091.227,3574.857378,555.0,
1856.0,1091.325,3575.680296,536.0,
1857.0,1091.422,3576.494672,548.0,
1858.0,1091.52,3577.317297,544.0,
1859.0,1091.618,3578.139774,538.0,
1860.0,1091.715,3578.953712,526.0,
1861.0,1091.813,3579.775896,537.0,
1862.0,1091.91,3580.589544,534.0,
1863.0,1092.007,3581.403047,533.0,
1864.0,1092.105,3582.224791,542.0,
1865.0,1092.202,3583.038004,534.0,
1866.0,1092.299,3583.851073,538.0,
1867.0,1092.396,3584.663997,536.0,
1868.0,1092.493,3585.476777,544.0,
1869.0,1092.59,3586.289412,543.0,
1870.0,1092.686,3587.093528,537.0,
1871.0,1092.783,3587.905877,538.0,
1872.0,1092.88,3588.718081,537.0,
1873.0,1092.976,3589.52177,528.0,
1874.0,1093.072,3590.325318,529.0,
1875.0,1093.169,3591.137093,537.0,
1876.0,1093.265,3591.940358,527.0,
1877.0,1093.361,3592.743481,529.0,
1878.0,1093.457,3593.546463,549.0,
1879.0,1093.553,3594.349304,528.0,
1880.0,1093.649,3595.152005,531.0,
1881.0,1093.745,3595.954564,532.0,
1882.0,1093.841,3596.756983,532.0,
1883.0,1093.937,3597.55926,528.0,
1884.0,1094.032,3598.353043,533.0,
1885.0,1094.128,3599.15504,521.0,
1886.0,1094.223,3599.948545,534.0,
1887.0,1094.319,3600.750263,528.0,
1888.0,1094.414,3601.543491,543.0,
1889.0,1094.509,3602.336581,541.0,
1890.0,1094.604,3603.129534,530.0,
1891.0,1094.699,3603.922349,524.0,
1892.0,1094.794,3604.715026,534.0,
1893.0,1094.889,3605.507566,529.0,
1894.0,1094.984,3606.299968,530.0,
1895.0,1095.079,3607.092233,534.0,
1896.0,1095.174,3607.88436,528.0,
1897.0,1095.268,3608.668014,528.0,
1898.0,1095.363,3609.459868,529.0,
1899.0,1095.457,3610.243252,541.0,
1900.0,1095.551,3611.026501,518.0,
1901.0,1095.646,3611.817946,533.0,
1902.0,1095.74,3612.600925,522.0,
1903.0,1095.834,3613.38377,528.0,
1904.0,1095.928,3614.16648,523.0,
1905.0,1096.022,3614.949056,518.0,
1906.0,1096.116,3615.731498,533.0,
1907.0,1096.209,3616.505484,530.0,
1908.0,1096.303,3617.287659,528.0,
1909.0,1096.397,3618.0697,528.0,
1910.0,1096.49,3618.843289,519.0,
1911.0,1096.584,3619.625063,525.0,
1912.0,1096.677,3620.398388,538.0,
1913.0,1096.77,3621.171583,537.0,
1914.0,1096.864,3621.952958,514.0,
1915.0,1096.957,3622.725888,540.0,
1916.0,1097.05,3623.498688,534.0,
1917.0,1097.143,3624.271357,532.0,
1918.0,1097.236,3625.043894,516.0,
1919.0,1097.328,3625.807996,561.0,
1920.0,1097.421,3626.580273,539.0,
1921.0,1097.514,3627.35242,514.0,
1922.0,1097.606,3628.116135,540.0,
1923.0,1097.699,3628.888021,534.0,
1924.0,1097.791,3629.651478,533.0,
1925.0,1097.883,3630.414808,529.0,
1926.0,1097.976,3631.186305,531.0,
1927.0,1098.068,3631.949377,516.0,
1928.0,1098.16,3632.712322,521.0,
1929.0,1098.252,3633.475138,526.0,
1930.0,1098.344,3634.237827,524.0,
1931.0,1098.436,3635.000388,519.0,
1932.0,1098.527,3635.754535,519.0,
1933.0,1098.619,3636.516842,514.0,
1934.0,1098.711,3637.279022,523.0,
1935.0,1098.802,3638.032791,526.0,
1936.0,1098.893,3638.786436,529.0,
1937.0,1098.985,3639.548235,514.0,
1938.0,1099.076,3640.301629,532.0,
1939.0,1099.167,3641.054898,518.0,
1940.0,1099.258,3641.808042,511.0,
1941.0,1099.349,3642.561061,526.0,
1942.0,1099.44,3643.313956,524.0,
1943.0,1099.531,3644.066726,523.0,
1944.0,1099.622,3644.819371,517.0,
1945.0,1099.712,3645.563624,524.0,
1946.0,1099.803,3646.316021,523.0,
1947.0,1099.893,3647.060029,521.0,
1948.0,1099.984,3647.812179,521.0,
1949.0,1100.074,3648.555941,518.0,
1950.0,1100.164,3649.299582,516.0,
1951.0,1100.254,3650.043101,531.0,
1952.0,1100.345,3650.794758,515.0,
1953.0,1100.434,3651.529775,514.0,
1954.0,1100.524,3652.272929,522.0,
1955.0,1100.614,3653.015962,515.0,
1956.0,1100.704,3653.758873,528.0,
1957.0,1100.794,3654.501663,516.0,
1958.0,1100.883,3655.23608,519.0,
1959.0,1100.973,3655.978628,525.0,
1960.0,1101.062,3656.712806,539.0,
1961.0,1101.151,3657.446866,520.0,
1962.0,1101.241,3658.189053,520.0,
1963.0,1101.33,3658.922874,510.0,
1964.0,1101.419,3659.656576,521.0,
1965.0,1101.508,3660.39016,527.0,
1966.0,1101.597,3661.123626,512.0,
1967.0,1101.685,3661.848733,516.0,
1968.0,1101.774,3662.581963,509.0,
1969.0,1101.863,3663.315074,508.0,
1970.0,1101.951,3664.039832,510.0,
1971.0,1102.04,3664.772708,519.0,
1972.0,1102.128,3665.497232,514.0,
1973.0,1102.217,3666.229873,507.0,
1974.0,1102.305,3666.954165,520.0,
1975.0,1102.393,3667.678342,529.0,
1976.0,1102.481,3668.402402,518.0,
1977.0,1102.569,3669.126348,523.0,
1978.0,1102.657,3669.850178,517.0,
1979.0,1102.745,3670.573892,510.0,
1980.0,1102.832,3671.289269,514.0,
1981.0,1102.92,3672.012753,512.0,
1982.0,1103.007,3672.727903,503.0,
1983.0,1103.095,3673.451158,521.0,
1984.0,1103.182,3674.166081,514.0,
1985.0,1103.269,3674.880891,500.0,
1986.0,1103.357,3675.603802,529.0,
1987.0,1103.444,3676.318386,501.0,
1988.0,1103.531,3677.032857,509.0,
1989.0,1103.618,3677.747215,506.0,
1990.0,1103.705,3678.46146,523.0,
1991.0,1103.791,3679.167385,521.0,
1992.0,1103.878,3679.881407,524.0,
1993.0,1103.965,3680.595316,519.0,
1994.0,1104.051,3681.300908,518.0,
1995.0,1104.138,3682.014594,512.0,
1996.0,1104.224,3682.719965,513.0,
1997.0,1104.31,3683.425227,525.0,
1998.0,1104.396,3684.130379,526.0,
1999.0,1104.482,3684.83542,522.0,
,,,,"{""Date"": ""2023-09-06 23:05:37"", ""Position [um]"": [15.2001, 15.4, 7078.769448100001], ""Temperature [C]"": ""N/A"", ""Humidity [1/100]"": ""N/A"", ""Spectro_Temp [C]"": -59, ""Laser power [mW]"": 36.3, ""Excitation wavelength [nm]"": 785, ""Objective"": ""N PLAN 10x/0.25"", ""Objective_Maker"": ""LEICA"", ""Objective_Magnification"": 10.0, ""Objective_NA"": 0.25, ""Objective_WD"": 5.8, ""Objective_Immersion"": ""Air"", ""Objective_Tube_Lens_f"": 200.0, ""Spectrometer integration time [s]"": 5, ""Spectrometer number of accumulations"": 1, ""Spectrometer temperature [C]"": -59, ""Spectrometer acquisition mode"": 1, ""Spectrometer read mode"": 0, ""Spectrometer trigger mode"": 0, ""Magnification"": 10.0, ""Spot_Size"": 80.0, ""Laser_Offset"": [NaN, NaN]}"
