Pixel,wl,cm-1,Intensity,Metadata
0.0,793.86,142.1739879,506.0,
1.0,794.091,145.838345,507.0,
2.0,794.321,149.4847215,507.0,
3.0,794.552,153.1448271,503.0,
4.0,794.782,156.7869742,500.0,
5.0,795.013,160.4428357,504.0,
6.0,795.243,164.0807608,506.0,
7.0,795.473,167.7165821,507.0,
8.0,795.703,171.3503016,501.0,
9.0,795.933,174.981921,491.0,
10.0,796.163,178.6114422,511.0,
11.0,796.393,182.2388669,503.0,
12.0,796.622,185.8484393,500.0,
13.0,796.852,189.4716857,503.0,
14.0,797.081,193.0771015,501.0,
15.0,797.31,196.6804463,511.0,
16.0,797.54,200.2974433,499.0,
17.0,797.769,203.8966422,503.0,
18.0,797.998,207.4937755,506.0,
19.0,798.226,211.0731503,502.0,
20.0,798.455,214.6661664,502.0,
21.0,798.684,218.2571221,510.0,
22.0,798.913,221.8460193,500.0,
23.0,799.141,225.417201,507.0,
24.0,799.369,228.9863455,492.0,
25.0,799.598,232.5690953,497.0,
26.0,799.826,236.1341617,496.0,
27.0,800.054,239.6971962,502.0,
28.0,800.282,243.2582005,510.0,
29.0,800.51,246.8171763,502.0,
30.0,800.737,250.3585292,499.0,
31.0,800.965,253.9134621,503.0,
32.0,801.193,257.4663717,506.0,
33.0,801.42,261.0016902,510.0,
34.0,801.647,264.5350064,516.0,
35.0,801.875,268.0818742,503.0,
36.0,802.102,271.6111824,514.0,
37.0,802.329,275.1384935,505.0,
38.0,802.556,278.6638093,515.0,
39.0,802.783,282.1871313,505.0,
40.0,803.009,285.6929533,508.0,
41.0,803.236,289.2123018,510.0,
42.0,803.462,292.7141711,505.0,
43.0,803.689,296.2295529,507.0,
44.0,803.915,299.7274762,525.0,
45.0,804.141,303.2234333,514.0,
46.0,804.367,306.717426,520.0,
47.0,804.594,310.2249029,522.0,
48.0,804.819,313.6995245,526.0,
49.0,805.045,317.1876336,539.0,
50.0,805.271,320.6737848,579.0,
51.0,805.497,324.1579798,598.0,
52.0,805.722,327.6248164,632.0,
53.0,805.948,331.1051125,664.0,
54.0,806.173,334.5680707,728.0,
55.0,806.398,338.0290964,734.0,
56.0,806.623,341.4881913,757.0,
57.0,806.848,344.9453569,792.0,
58.0,807.073,348.400595,802.0,
59.0,807.298,351.853907,810.0,
60.0,807.523,355.3052947,827.0,
61.0,807.747,358.7394328,816.0,
62.0,807.972,362.186985,853.0,
63.0,808.196,365.617308,849.0,
64.0,808.42,369.04573,829.0,
65.0,808.645,372.4875453,848.0,
66.0,808.869,375.9121616,841.0,
67.0,809.093,379.3348817,856.0,
68.0,809.317,382.7557071,838.0,
69.0,809.541,386.1746395,829.0,
70.0,809.764,389.5764299,804.0,
71.0,809.988,392.9915892,854.0,
72.0,810.211,396.3896265,812.0,
73.0,810.435,399.801019,804.0,
74.0,810.658,403.1953095,825.0,
75.0,810.881,406.587733,797.0,
76.0,811.104,409.9782911,812.0,
77.0,811.328,413.3821772,817.0,
78.0,811.55,416.7538174,839.0,
79.0,811.773,420.1387886,821.0,
80.0,811.996,423.5219006,838.0,
81.0,812.219,426.9031548,846.0,
82.0,812.441,430.2674028,831.0,
83.0,812.664,433.6449545,809.0,
84.0,812.886,437.0055196,820.0,
85.0,813.108,440.3642496,821.0,
86.0,813.33,443.7211461,807.0,
87.0,813.552,447.0762105,870.0,
88.0,813.774,450.4294444,853.0,
89.0,813.996,453.7808493,839.0,
90.0,814.218,457.1304266,828.0,
91.0,814.44,460.4781778,823.0,
92.0,814.661,463.8090368,813.0,
93.0,814.883,467.1531487,818.0,
94.0,815.104,470.4803876,806.0,
95.0,815.325,473.8058228,803.0,
96.0,815.546,477.1294557,782.0,
97.0,815.767,480.4512878,786.0,
98.0,815.988,483.7713206,787.0,
99.0,816.209,487.0895555,807.0,
100.0,816.43,490.4059939,800.0,
101.0,816.651,493.7206374,809.0,
102.0,816.871,497.0185011,775.0,
103.0,817.092,500.3295671,791.0,
104.0,817.312,503.6238724,820.0,
105.0,817.532,506.9164047,824.0,
106.0,817.753,510.2221194,806.0,
107.0,817.973,513.5111019,822.0,
108.0,818.193,516.7983157,881.0,
109.0,818.413,520.0837622,879.0,
110.0,818.632,523.3525211,857.0,
111.0,818.852,526.6344453,843.0,
112.0,819.072,529.9146065,794.0,
113.0,819.291,533.1781082,792.0,
114.0,819.511,536.4547556,812.0,
115.0,819.73,539.7147624,818.0,
116.0,819.949,542.9730277,858.0,
117.0,820.168,546.229553,834.0,
118.0,820.387,549.4843396,819.0,
119.0,820.606,552.737389,807.0,
120.0,820.825,555.9887025,814.0,
121.0,821.044,559.2382816,794.0,
122.0,821.263,562.4861276,767.0,
123.0,821.481,565.7174233,773.0,
124.0,821.7,568.9618152,774.0,
125.0,821.918,572.1896754,765.0,
126.0,822.136,575.4158238,764.0,
127.0,822.354,578.6402617,776.0,
128.0,822.572,581.8629905,755.0,
129.0,822.79,585.0840116,738.0,
130.0,823.008,588.3033263,746.0,
131.0,823.226,591.5209359,752.0,
132.0,823.444,594.7368419,778.0,
133.0,823.661,597.9363055,747.0,
134.0,823.879,601.148816,731.0,
135.0,824.096,604.3449022,726.0,
136.0,824.314,607.5540226,709.0,
137.0,824.531,610.746737,741.0,
138.0,824.748,613.9377713,741.0,
139.0,824.965,617.1271269,733.0,
140.0,825.182,620.3148051,716.0,
141.0,825.399,623.5008071,698.0,
142.0,825.616,626.6851344,710.0,
143.0,825.832,629.8531254,731.0,
144.0,826.049,633.0341147,726.0,
145.0,826.265,636.1987859,742.0,
146.0,826.482,639.3764426,747.0,
147.0,826.698,642.537799,709.0,
148.0,826.914,645.6975039,712.0,
149.0,827.13,648.8555585,719.0,
150.0,827.346,652.0119641,702.0,
151.0,827.562,655.166722,693.0,
152.0,827.778,658.3198335,679.0,
153.0,827.994,661.4712999,696.0,
154.0,828.209,664.6065438,712.0,
155.0,828.425,667.7547314,686.0,
156.0,828.64,670.8867142,680.0,
157.0,828.856,674.0316282,689.0,
158.0,829.071,677.1603551,673.0,
159.0,829.286,680.2874596,685.0,
160.0,829.501,683.4129431,665.0,
161.0,829.716,686.5368069,672.0,
162.0,829.931,689.6590521,651.0,
163.0,830.146,692.77968,674.0,
164.0,830.361,695.898692,660.0,
165.0,830.575,699.0015934,664.0,
166.0,830.79,702.1173846,677.0,
167.0,831.004,705.2170827,656.0,
168.0,831.218,708.3151847,658.0,
169.0,831.433,711.4261579,664.0,
170.0,831.647,714.5210641,682.0,
171.0,831.861,717.6143779,674.0,
172.0,832.075,720.7061006,670.0,
173.0,832.289,723.7962334,649.0,
174.0,832.503,726.8847775,678.0,
175.0,832.716,729.9573129,655.0,
176.0,832.93,733.0426908,651.0,
177.0,833.143,736.112077,643.0,
178.0,833.357,739.1942935,693.0,
179.0,833.57,742.2605356,699.0,
180.0,833.783,745.3252111,683.0,
181.0,833.996,748.3883211,665.0,
182.0,834.209,751.4498669,657.0,
183.0,834.422,754.5098497,649.0,
184.0,834.635,757.5682707,640.0,
185.0,834.848,760.6251311,635.0,
186.0,835.061,763.680432,645.0,
187.0,835.273,766.7198415,647.0,
188.0,835.486,769.7720344,651.0,
189.0,835.698,772.8083529,638.0,
190.0,835.91,775.8431313,628.0,
191.0,836.123,778.8906747,643.0,
192.0,836.335,781.9223691,617.0,
193.0,836.547,784.9525269,615.0,
194.0,836.759,787.9811493,631.0,
195.0,836.971,791.0082373,638.0,
196.0,837.182,794.0195244,633.0,
197.0,837.394,797.0435547,604.0,
198.0,837.606,800.0660542,599.0,
199.0,837.817,803.0727778,638.0,
200.0,838.029,806.0922264,647.0,
201.0,838.24,809.0959159,612.0,
202.0,838.451,812.0980935,635.0,
203.0,838.662,815.0987605,629.0,
204.0,838.873,818.097918,647.0,
205.0,839.084,821.0955671,645.0,
206.0,839.295,824.0917091,670.0,
207.0,839.506,827.0863449,689.0,
208.0,839.717,830.0794757,746.0,
209.0,839.927,833.056928,726.0,
210.0,840.138,836.0470595,742.0,
211.0,840.348,839.0215288,767.0,
212.0,840.559,842.0086654,729.0,
213.0,840.769,844.9801563,721.0,
214.0,840.979,847.9501631,713.0,
215.0,841.189,850.9186871,689.0,
216.0,841.399,853.8857293,706.0,
217.0,841.609,856.8512908,688.0,
218.0,841.819,859.8153727,692.0,
219.0,842.028,862.763872,680.0,
220.0,842.238,865.7250051,668.0,
221.0,842.447,868.6705718,673.0,
222.0,842.657,871.6287605,662.0,
223.0,842.866,874.571399,639.0,
224.0,843.075,877.5125786,650.0,
225.0,843.285,880.4663624,624.0,
226.0,843.494,883.4046203,622.0,
227.0,843.703,886.3414225,616.0,
228.0,843.912,889.2767701,621.0,
229.0,844.12,892.1966298,602.0,
230.0,844.329,895.1290782,640.0,
231.0,844.538,898.0600753,634.0,
232.0,844.746,900.9756085,618.0,
233.0,844.955,903.903713,632.0,
234.0,845.163,906.8163695,639.0,
235.0,845.371,909.7275928,649.0,
236.0,845.58,912.6513697,655.0,
237.0,845.788,915.5597227,673.0,
238.0,845.996,918.4666456,647.0,
239.0,846.204,921.3721394,654.0,
240.0,846.412,924.2762051,648.0,
241.0,846.619,927.1648924,655.0,
242.0,846.827,930.0661121,632.0,
243.0,847.035,932.965907,617.0,
244.0,847.242,935.8503471,621.0,
245.0,847.45,938.7473022,605.0,
246.0,847.657,941.6289182,606.0,
247.0,847.864,944.5091272,598.0,
248.0,848.071,947.3879301,604.0,
249.0,848.278,950.2653281,607.0,
250.0,848.485,953.1413221,583.0,
251.0,848.692,956.0159131,596.0,
252.0,848.899,958.8891022,603.0,
253.0,849.106,961.7608905,578.0,
254.0,849.312,964.6174156,594.0,
255.0,849.519,967.4864119,583.0,
256.0,849.725,970.3401606,590.0,
257.0,849.932,973.2063691,607.0,
258.0,850.138,976.0573454,591.0,
259.0,850.344,978.9069404,599.0,
260.0,850.55,981.7551551,594.0,
261.0,850.756,984.6019904,596.0,
262.0,850.962,987.4474475,604.0,
263.0,851.168,990.2915272,598.0,
264.0,851.374,993.1342306,593.0,
265.0,851.579,995.9617691,609.0,
266.0,851.785,998.8017296,624.0,
267.0,851.99,1001.62654,613.0,
268.0,852.196,1004.463762,610.0,
269.0,852.401,1007.285849,610.0,
270.0,852.606,1010.106579,611.0,
271.0,852.812,1012.939703,620.0,
272.0,853.017,1015.757715,639.0,
273.0,853.222,1018.574373,630.0,
274.0,853.427,1021.389678,616.0,
275.0,853.631,1024.189907,632.0,
276.0,853.836,1027.002515,623.0,
277.0,854.041,1029.813773,662.0,
278.0,854.245,1032.609978,662.0,
279.0,854.45,1035.418545,653.0,
280.0,854.654,1038.212074,659.0,
281.0,854.858,1041.00427,668.0,
282.0,855.063,1043.808811,669.0,
283.0,855.267,1046.598336,685.0,
284.0,855.471,1049.386531,702.0,
285.0,855.675,1052.173397,696.0,
286.0,855.879,1054.958934,695.0,
287.0,856.082,1057.729499,697.0,
288.0,856.286,1060.512388,727.0,
289.0,856.49,1063.293952,695.0,
290.0,856.693,1066.060566,728.0,
291.0,856.897,1068.839487,704.0,
292.0,857.1,1071.603474,710.0,
293.0,857.303,1074.366152,699.0,
294.0,857.507,1077.141121,735.0,
295.0,857.71,1079.901177,709.0,
296.0,857.913,1082.659926,694.0,
297.0,858.116,1085.417371,659.0,
298.0,858.318,1088.159937,655.0,
299.0,858.521,1090.914781,654.0,
300.0,858.724,1093.668321,658.0,
301.0,858.927,1096.420561,656.0,
302.0,859.129,1099.157951,663.0,
303.0,859.331,1101.894054,687.0,
304.0,859.534,1104.642407,668.0,
305.0,859.736,1107.375933,655.0,
306.0,859.938,1110.108175,680.0,
307.0,860.14,1112.839133,701.0,
308.0,860.342,1115.568809,720.0,
309.0,860.544,1118.297204,682.0,
310.0,860.746,1121.024318,702.0,
311.0,860.948,1123.750152,710.0,
312.0,861.15,1126.474707,719.0,
313.0,861.351,1129.184506,711.0,
314.0,861.553,1131.906513,694.0,
315.0,861.754,1134.613778,715.0,
316.0,861.956,1137.33324,701.0,
317.0,862.157,1140.037974,674.0,
318.0,862.358,1142.741448,680.0,
319.0,862.559,1145.443661,644.0,
320.0,862.76,1148.144615,682.0,
321.0,862.961,1150.844312,642.0,
322.0,863.162,1153.54275,631.0,
323.0,863.363,1156.239933,627.0,
324.0,863.563,1158.92245,609.0,
325.0,863.764,1161.617128,627.0,
326.0,863.964,1164.297156,615.0,
327.0,864.165,1166.989334,603.0,
328.0,864.365,1169.666875,597.0,
329.0,864.565,1172.343177,602.0,
330.0,864.766,1175.031614,591.0,
331.0,864.966,1177.705435,583.0,
332.0,865.166,1180.37802,584.0,
333.0,865.366,1183.049369,579.0,
334.0,865.566,1185.719485,576.0,
335.0,865.765,1188.375025,599.0,
336.0,865.965,1191.042679,579.0,
337.0,866.165,1193.709102,573.0,
338.0,866.364,1196.360971,581.0,
339.0,866.564,1199.024939,594.0,
340.0,866.763,1201.674367,577.0,
341.0,866.962,1204.322578,594.0,
342.0,867.161,1206.969574,586.0,
343.0,867.361,1209.628648,606.0,
344.0,867.56,1212.273209,583.0,
345.0,867.759,1214.916558,575.0,
346.0,867.957,1217.54542,584.0,
347.0,868.156,1220.186351,582.0,
348.0,868.355,1222.826072,581.0,
349.0,868.554,1225.464583,618.0,
350.0,868.752,1228.088636,599.0,
351.0,868.951,1230.724736,585.0,
352.0,869.149,1233.346392,585.0,
353.0,869.347,1235.966854,586.0,
354.0,869.546,1238.599348,602.0,
355.0,869.744,1241.217417,605.0,
356.0,869.942,1243.834295,591.0,
357.0,870.14,1246.449982,607.0,
358.0,870.338,1249.064479,597.0,
359.0,870.535,1251.664591,604.0,
360.0,870.733,1254.276716,609.0,
361.0,870.931,1256.887653,612.0,
362.0,871.128,1259.484226,620.0,
363.0,871.326,1262.092796,617.0,
364.0,871.523,1264.687015,615.0,
365.0,871.721,1267.293222,616.0,
366.0,871.918,1269.885091,625.0,
367.0,872.115,1272.475789,589.0,
368.0,872.312,1275.065317,600.0,
369.0,872.509,1277.653676,593.0,
370.0,872.706,1280.240866,608.0,
371.0,872.903,1282.826889,594.0,
372.0,873.1,1285.411744,596.0,
373.0,873.296,1287.982321,591.0,
374.0,873.493,1290.564851,604.0,
375.0,873.689,1293.133115,586.0,
376.0,873.886,1295.713322,600.0,
377.0,874.082,1298.279278,565.0,
378.0,874.279,1300.857166,582.0,
379.0,874.475,1303.420815,585.0,
380.0,874.671,1305.983315,590.0,
381.0,874.867,1308.544668,576.0,
382.0,875.063,1311.104873,613.0,
383.0,875.259,1313.663931,605.0,
384.0,875.455,1316.221843,599.0,
385.0,875.65,1318.765569,616.0,
386.0,875.846,1321.321197,616.0,
387.0,876.042,1323.875682,637.0,
388.0,876.237,1326.416001,639.0,
389.0,876.432,1328.955188,643.0,
390.0,876.628,1331.506259,610.0,
391.0,876.823,1334.043182,640.0,
392.0,877.018,1336.578977,613.0,
393.0,877.213,1339.113645,619.0,
394.0,877.408,1341.647186,632.0,
395.0,877.603,1344.179602,648.0,
396.0,877.798,1346.710892,640.0,
397.0,877.993,1349.241058,620.0,
398.0,878.188,1351.7701,635.0,
399.0,878.382,1354.285058,633.0,
400.0,878.577,1356.811861,632.0,
401.0,878.771,1359.324593,627.0,
402.0,878.966,1361.849159,642.0,
403.0,879.16,1364.359668,630.0,
404.0,879.354,1366.869069,646.0,
405.0,879.548,1369.377363,678.0,
406.0,879.742,1371.884551,636.0,
407.0,879.936,1374.390633,636.0,
408.0,880.13,1376.895611,633.0,
409.0,880.324,1379.399484,636.0,
410.0,880.518,1381.902254,620.0,
411.0,880.712,1384.403921,605.0,
412.0,880.905,1386.8916,606.0,
413.0,881.099,1389.39107,613.0,
414.0,881.292,1391.876565,620.0,
415.0,881.486,1394.37384,593.0,
416.0,881.679,1396.857153,605.0,
417.0,881.872,1399.339379,607.0,
418.0,882.065,1401.820518,606.0,
419.0,882.258,1404.300572,595.0,
420.0,882.451,1406.779541,612.0,
421.0,882.644,1409.257426,610.0,
422.0,882.837,1411.734227,605.0,
423.0,883.03,1414.209946,607.0,
424.0,883.222,1416.671764,584.0,
425.0,883.415,1419.145325,590.0,
426.0,883.607,1421.604998,574.0,
427.0,883.8,1424.076404,600.0,
428.0,883.992,1426.533935,587.0,
429.0,884.184,1428.990398,586.0,
430.0,884.377,1431.45858,583.0,
431.0,884.569,1433.912905,574.0,
432.0,884.761,1436.366165,589.0,
433.0,884.953,1438.81836,590.0,
434.0,885.145,1441.269492,564.0,
435.0,885.336,1443.706802,603.0,
436.0,885.528,1446.155813,583.0,
437.0,885.72,1448.603763,586.0,
438.0,885.911,1451.03791,624.0,
439.0,886.103,1453.483744,613.0,
440.0,886.294,1455.915787,611.0,
441.0,886.486,1458.359508,653.0,
442.0,886.677,1460.789451,647.0,
443.0,886.868,1463.218347,626.0,
444.0,887.059,1465.646197,628.0,
445.0,887.25,1468.073002,593.0,
446.0,887.441,1470.498762,598.0,
447.0,887.632,1472.923478,586.0,
448.0,887.823,1475.347151,570.0,
449.0,888.014,1477.769782,557.0,
450.0,888.204,1480.178694,584.0,
451.0,888.395,1482.599247,566.0,
452.0,888.586,1485.018759,556.0,
453.0,888.776,1487.424572,556.0,
454.0,888.966,1489.829356,569.0,
455.0,889.157,1492.245761,555.0,
456.0,889.347,1494.648485,565.0,
457.0,889.537,1497.050183,548.0,
458.0,889.727,1499.450855,552.0,
459.0,889.917,1501.850502,539.0,
460.0,890.107,1504.249124,549.0,
461.0,890.297,1506.646723,529.0,
462.0,890.487,1509.043298,546.0,
463.0,890.676,1511.426246,558.0,
464.0,890.866,1513.820782,558.0,
465.0,891.055,1516.201703,567.0,
466.0,891.245,1518.594203,559.0,
467.0,891.434,1520.973099,557.0,
468.0,891.623,1523.350987,555.0,
469.0,891.813,1525.74044,560.0,
470.0,892.002,1528.116308,555.0,
471.0,892.191,1530.491168,531.0,
472.0,892.38,1532.865023,569.0,
473.0,892.569,1535.237872,561.0,
474.0,892.758,1537.609717,535.0,
475.0,892.946,1539.968016,557.0,
476.0,893.135,1542.337859,542.0,
477.0,893.324,1544.706699,554.0,
478.0,893.512,1547.062011,548.0,
479.0,893.701,1549.428852,548.0,
480.0,893.889,1551.782178,551.0,
481.0,894.077,1554.134514,556.0,
482.0,894.266,1556.498365,549.0,
483.0,894.454,1558.848718,560.0,
484.0,894.642,1561.198083,552.0,
485.0,894.83,1563.546462,555.0,
486.0,895.018,1565.893853,560.0,
487.0,895.206,1568.240259,555.0,
488.0,895.394,1570.585679,556.0,
489.0,895.581,1572.917647,558.0,
490.0,895.769,1575.261104,547.0,
491.0,895.956,1577.59112,571.0,
492.0,896.144,1579.932615,552.0,
493.0,896.331,1582.260682,575.0,
494.0,896.519,1584.600219,552.0,
495.0,896.706,1586.926339,568.0,
496.0,896.893,1589.251488,557.0,
497.0,897.08,1591.575668,563.0,
498.0,897.267,1593.89888,569.0,
499.0,897.454,1596.221123,573.0,
500.0,897.641,1598.542399,568.0,
501.0,897.828,1600.862708,573.0,
502.0,898.015,1603.18205,566.0,
503.0,898.202,1605.500427,566.0,
504.0,898.388,1607.805448,577.0,
505.0,898.575,1610.1219,563.0,
506.0,898.761,1612.425009,590.0,
507.0,898.948,1614.739539,579.0,
508.0,899.134,1617.040737,588.0,
509.0,899.32,1619.340983,560.0,
510.0,899.506,1621.640277,578.0,
511.0,899.692,1623.938621,569.0,
512.0,899.878,1626.236015,599.0,
513.0,900.064,1628.532459,554.0,
514.0,900.25,1630.827955,574.0,
515.0,900.436,1633.122502,594.0,
516.0,900.622,1635.416101,574.0,
517.0,900.807,1637.69643,579.0,
518.0,900.993,1639.98814,584.0,
519.0,901.178,1642.266591,577.0,
520.0,901.364,1644.556416,580.0,
521.0,901.549,1646.832992,578.0,
522.0,901.734,1649.108634,580.0,
523.0,901.92,1651.395636,569.0,
524.0,902.105,1653.669406,575.0,
525.0,902.29,1655.942244,577.0,
526.0,902.475,1658.21415,583.0,
527.0,902.66,1660.485125,563.0,
528.0,902.845,1662.75517,582.0,
529.0,903.029,1665.012021,566.0,
530.0,903.214,1667.28021,562.0,
531.0,903.399,1669.547471,563.0,
532.0,903.583,1671.801556,554.0,
533.0,903.768,1674.066965,564.0,
534.0,903.952,1676.319209,566.0,
535.0,904.137,1678.58277,561.0,
536.0,904.321,1680.833176,564.0,
537.0,904.505,1683.082667,553.0,
538.0,904.689,1685.331243,558.0,
539.0,904.873,1687.578904,553.0,
540.0,905.057,1689.825652,560.0,
541.0,905.241,1692.071486,537.0,
542.0,905.425,1694.316407,548.0,
543.0,905.609,1696.560416,538.0,
544.0,905.792,1698.791326,551.0,
545.0,905.976,1701.033517,550.0,
546.0,906.159,1703.262619,550.0,
547.0,906.343,1705.502995,571.0,
548.0,906.526,1707.730292,536.0,
549.0,906.71,1709.968854,545.0,
550.0,906.893,1712.194349,553.0,
551.0,907.076,1714.418946,542.0,
552.0,907.259,1716.642646,551.0,
553.0,907.442,1718.865449,539.0,
554.0,907.625,1721.087355,539.0,
555.0,907.808,1723.308366,552.0,
556.0,907.991,1725.528481,551.0,
557.0,908.174,1727.747702,548.0,
558.0,908.356,1729.953909,527.0,
559.0,908.539,1732.171346,549.0,
560.0,908.721,1734.375781,536.0,
561.0,908.904,1736.591438,537.0,
562.0,909.086,1738.794103,542.0,
563.0,909.269,1741.007981,542.0,
564.0,909.451,1743.208878,529.0,
565.0,909.633,1745.408894,536.0,
566.0,909.815,1747.60803,548.0,
567.0,909.997,1749.806287,530.0,
568.0,910.179,1752.003664,523.0,
569.0,910.361,1754.200162,523.0,
570.0,910.543,1756.395783,549.0,
571.0,910.725,1758.590526,545.0,
572.0,910.906,1760.77234,526.0,
573.0,911.088,1762.965334,522.0,
574.0,911.269,1765.14541,536.0,
575.0,911.451,1767.336658,533.0,
576.0,911.632,1769.514998,534.0,
577.0,911.814,1771.704501,535.0,
578.0,911.995,1773.881108,533.0,
579.0,912.176,1776.05685,535.0,
580.0,912.357,1778.231729,529.0,
581.0,912.538,1780.405745,537.0,
582.0,912.719,1782.5789,531.0,
583.0,912.9,1784.751192,533.0,
584.0,913.081,1786.922623,525.0,
585.0,913.262,1789.093193,532.0,
586.0,913.442,1791.250919,517.0,
587.0,913.623,1793.419774,542.0,
588.0,913.803,1795.575795,520.0,
589.0,913.984,1797.742937,534.0,
590.0,914.164,1799.897255,535.0,
591.0,914.345,1802.062686,537.0,
592.0,914.525,1804.215303,529.0,
593.0,914.705,1806.367073,528.0,
594.0,914.885,1808.517997,530.0,
595.0,915.065,1810.668074,519.0,
596.0,915.245,1812.817305,526.0,
597.0,915.425,1814.965692,519.0,
598.0,915.605,1817.113233,535.0,
599.0,915.785,1819.25993,525.0,
600.0,915.964,1821.393865,530.0,
601.0,916.144,1823.53888,523.0,
602.0,916.324,1825.683053,530.0,
603.0,916.503,1827.814478,530.0,
604.0,916.683,1829.956971,537.0,
605.0,916.862,1832.086727,523.0,
606.0,917.041,1834.215652,532.0,
607.0,917.22,1836.343745,525.0,
608.0,917.4,1838.482891,514.0,
609.0,917.579,1840.609319,529.0,
610.0,917.758,1842.734919,544.0,
611.0,917.937,1844.859689,518.0,
612.0,918.115,1846.971767,528.0,
613.0,918.294,1849.094886,530.0,
614.0,918.473,1851.217176,520.0,
615.0,918.652,1853.33864,525.0,
616.0,918.83,1855.447432,529.0,
617.0,919.009,1857.567248,535.0,
618.0,919.187,1859.674403,531.0,
619.0,919.366,1861.792572,526.0,
620.0,919.544,1863.898091,520.0,
621.0,919.722,1866.002794,529.0,
622.0,919.9,1868.106683,540.0,
623.0,920.078,1870.209758,514.0,
624.0,920.256,1872.312019,527.0,
625.0,920.434,1874.413467,517.0,
626.0,920.612,1876.514103,521.0,
627.0,920.79,1878.613926,521.0,
628.0,920.968,1880.712938,513.0,
629.0,921.145,1882.799353,530.0,
630.0,921.323,1884.896748,533.0,
631.0,921.501,1886.993332,517.0,
632.0,921.678,1889.077334,523.0,
633.0,921.856,1891.172304,515.0,
634.0,922.033,1893.254701,526.0,
635.0,922.21,1895.3363,504.0,
636.0,922.387,1897.4171,533.0,
637.0,922.564,1899.497101,525.0,
638.0,922.742,1901.588049,523.0,
639.0,922.919,1903.66645,514.0,
640.0,923.095,1905.732318,512.0,
641.0,923.272,1907.809131,526.0,
642.0,923.449,1909.885147,507.0,
643.0,923.626,1911.960367,525.0,
644.0,923.802,1914.023074,524.0,
645.0,923.979,1916.096709,532.0,
646.0,924.156,1918.169549,531.0,
647.0,924.332,1920.229892,518.0,
648.0,924.508,1922.28945,531.0,
649.0,924.685,1924.359919,522.0,
650.0,924.861,1926.417905,519.0,
651.0,925.037,1928.475108,522.0,
652.0,925.213,1930.531528,531.0,
653.0,925.389,1932.587165,522.0,
654.0,925.565,1934.642022,527.0,
655.0,925.741,1936.696096,515.0,
656.0,925.917,1938.74939,519.0,
657.0,926.093,1940.801904,531.0,
658.0,926.268,1942.841982,531.0,
659.0,926.444,1944.89294,518.0,
660.0,926.62,1946.943119,517.0,
661.0,926.795,1948.980878,537.0,
662.0,926.971,1951.029504,517.0,
663.0,927.146,1953.06572,538.0,
664.0,927.321,1955.101167,523.0,
665.0,927.496,1957.135846,531.0,
666.0,927.672,1959.181378,526.0,
667.0,927.847,1961.214517,525.0,
668.0,928.022,1963.24689,543.0,
669.0,928.197,1965.278497,521.0,
670.0,928.371,1967.297735,520.0,
671.0,928.546,1969.327815,513.0,
672.0,928.721,1971.357129,538.0,
673.0,928.896,1973.385679,526.0,
674.0,929.07,1975.40188,538.0,
675.0,929.245,1977.428906,522.0,
676.0,929.419,1979.443592,533.0,
677.0,929.594,1981.469097,513.0,
678.0,929.768,1983.482271,522.0,
679.0,929.942,1985.494692,515.0,
680.0,930.117,1987.517919,526.0,
681.0,930.291,1989.52883,519.0,
682.0,930.465,1991.538988,529.0,
683.0,930.639,1993.548396,522.0,
684.0,930.813,1995.557052,518.0,
685.0,930.987,1997.564957,513.0,
686.0,931.16,1999.560578,520.0,
687.0,931.334,2001.566987,511.0,
688.0,931.508,2003.572647,535.0,
689.0,931.681,2005.566037,513.0,
690.0,931.855,2007.570203,519.0,
691.0,932.028,2009.562109,527.0,
692.0,932.202,2011.564782,531.0,
693.0,932.375,2013.555206,520.0,
694.0,932.548,2015.544891,524.0,
695.0,932.722,2017.545332,510.0,
696.0,932.895,2019.533537,530.0,
697.0,933.068,2021.521004,520.0,
698.0,933.241,2023.507735,525.0,
699.0,933.414,2025.493729,504.0,
700.0,933.587,2027.478987,518.0,
701.0,933.759,2029.452041,520.0,
702.0,933.932,2031.435833,515.0,
703.0,934.105,2033.418889,528.0,
704.0,934.277,2035.389755,533.0,
705.0,934.45,2037.371348,530.0,
706.0,934.622,2039.340759,524.0,
707.0,934.795,2041.320889,531.0,
708.0,934.967,2043.288847,512.0,
709.0,935.139,2045.256081,526.0,
710.0,935.312,2047.234022,534.0,
711.0,935.484,2049.199805,518.0,
712.0,935.656,2051.164865,529.0,
713.0,935.828,2053.129203,518.0,
714.0,936.0,2055.092819,529.0,
715.0,936.172,2057.055714,525.0,
716.0,936.343,2059.006481,524.0,
717.0,936.515,2060.967938,509.0,
718.0,936.687,2062.928675,519.0,
719.0,936.858,2064.877298,518.0,
720.0,937.03,2066.836599,522.0,
721.0,937.201,2068.783796,518.0,
722.0,937.373,2070.741663,513.0,
723.0,937.544,2072.687435,514.0,
724.0,937.715,2074.632498,518.0,
725.0,937.887,2076.58822,532.0,
726.0,938.058,2078.53186,528.0,
727.0,938.229,2080.474792,521.0,
728.0,938.4,2082.417016,520.0,
729.0,938.571,2084.358532,520.0,
730.0,938.742,2086.29934,535.0,
731.0,938.912,2088.228098,525.0,
732.0,939.083,2090.167498,508.0,
733.0,939.254,2092.106191,528.0,
734.0,939.425,2094.044178,520.0,
735.0,939.595,2095.970133,527.0,
736.0,939.766,2097.906714,531.0,
737.0,939.936,2099.831272,516.0,
738.0,940.106,2101.755133,530.0,
739.0,940.277,2103.68961,531.0,
740.0,940.447,2105.612077,524.0,
741.0,940.617,2107.533848,506.0,
742.0,940.787,2109.454925,520.0,
743.0,940.957,2111.375308,521.0,
744.0,941.127,2113.294997,506.0,
745.0,941.297,2115.213993,524.0,
746.0,941.467,2117.132296,528.0,
747.0,941.637,2119.049906,523.0,
748.0,941.806,2120.95555,515.0,
749.0,941.976,2122.87178,523.0,
750.0,942.145,2124.776052,524.0,
751.0,942.315,2126.690904,527.0,
752.0,942.484,2128.593806,535.0,
753.0,942.654,2130.507281,527.0,
754.0,942.823,2132.408815,524.0,
755.0,942.992,2134.309668,530.0,
756.0,943.161,2136.20984,525.0,
757.0,943.331,2138.120569,527.0,
758.0,943.5,2140.019375,524.0,
759.0,943.669,2141.917501,525.0,
760.0,943.837,2143.803722,528.0,
761.0,944.006,2145.700494,534.0,
762.0,944.175,2147.596586,532.0,
763.0,944.344,2149.491999,518.0,
764.0,944.512,2151.375525,511.0,
765.0,944.681,2153.269586,525.0,
766.0,944.85,2155.16297,514.0,
767.0,945.018,2157.044479,516.0,
768.0,945.186,2158.92532,525.0,
769.0,945.355,2160.816681,513.0,
770.0,945.523,2162.696181,518.0,
771.0,945.691,2164.575013,522.0,
772.0,945.859,2166.453177,520.0,
773.0,946.027,2168.330675,525.0,
774.0,946.195,2170.207505,520.0,
775.0,946.363,2172.08367,514.0,
776.0,946.531,2173.959168,521.0,
777.0,946.699,2175.834001,526.0,
778.0,946.867,2177.708168,513.0,
779.0,947.034,2179.570521,527.0,
780.0,947.202,2181.443363,520.0,
781.0,947.37,2183.31554,528.0,
782.0,947.537,2185.175916,540.0,
783.0,947.705,2187.04677,528.0,
784.0,947.872,2188.905831,519.0,
785.0,948.039,2190.764237,510.0,
786.0,948.206,2192.621988,524.0,
787.0,948.374,2194.490203,511.0,
788.0,948.541,2196.346643,526.0,
789.0,948.708,2198.202428,522.0,
790.0,948.875,2200.057561,516.0,
791.0,949.042,2201.91204,516.0,
792.0,949.208,2203.754768,525.0,
793.0,949.375,2205.607947,524.0,
794.0,949.542,2207.460474,511.0,
795.0,949.709,2209.312349,523.0,
796.0,949.875,2211.15249,519.0,
797.0,950.042,2213.003067,516.0,
798.0,950.208,2214.841918,529.0,
799.0,950.375,2216.691199,518.0,
800.0,950.541,2218.528762,515.0,
801.0,950.707,2220.365683,518.0,
802.0,950.873,2222.201963,514.0,
803.0,951.04,2224.048658,533.0,
804.0,951.206,2225.883652,520.0,
805.0,951.372,2227.718006,514.0,
806.0,951.538,2229.55172,512.0,
807.0,951.703,2231.373754,515.0,
808.0,951.869,2233.206192,532.0,
809.0,952.035,2235.037992,518.0,
810.0,952.201,2236.869153,529.0,
811.0,952.366,2238.688651,524.0,
812.0,952.532,2240.518539,524.0,
813.0,952.697,2242.336772,512.0,
814.0,952.863,2244.16539,524.0,
815.0,953.028,2245.98236,519.0,
816.0,953.193,2247.798701,525.0,
817.0,953.359,2249.625416,529.0,
818.0,953.524,2251.440496,525.0,
819.0,953.689,2253.254949,509.0,
820.0,953.854,2255.068773,531.0,
821.0,954.019,2256.88197,525.0,
822.0,954.184,2258.69454,516.0,
823.0,954.349,2260.506483,512.0,
824.0,954.514,2262.3178,517.0,
825.0,954.678,2264.117519,507.0,
826.0,954.843,2265.927588,518.0,
827.0,955.008,2267.737031,511.0,
828.0,955.172,2269.534888,526.0,
829.0,955.337,2271.343085,519.0,
830.0,955.501,2273.139705,516.0,
831.0,955.665,2274.935708,509.0,
832.0,955.83,2276.74204,519.0,
833.0,955.994,2278.536807,520.0,
834.0,956.158,2280.330958,518.0,
835.0,956.322,2282.124493,512.0,
836.0,956.486,2283.917414,516.0,
837.0,956.65,2285.70972,518.0,
838.0,956.814,2287.501412,514.0,
839.0,956.978,2289.292489,521.0,
840.0,957.142,2291.082953,509.0,
841.0,957.305,2292.861891,519.0,
842.0,957.469,2294.651132,508.0,
843.0,957.633,2296.43976,514.0,
844.0,957.796,2298.216875,522.0,
845.0,957.96,2300.004282,509.0,
846.0,958.123,2301.780184,507.0,
847.0,958.286,2303.555482,520.0,
848.0,958.45,2305.341061,517.0,
849.0,958.613,2307.115148,521.0,
850.0,958.776,2308.888631,511.0,
851.0,958.939,2310.661512,514.0,
852.0,959.102,2312.43379,506.0,
853.0,959.265,2314.205465,522.0,
854.0,959.428,2315.976539,507.0,
855.0,959.591,2317.747011,527.0,
856.0,959.754,2319.516882,522.0,
857.0,959.916,2321.275298,520.0,
858.0,960.079,2323.043971,509.0,
859.0,960.242,2324.812043,516.0,
860.0,960.404,2326.568673,505.0,
861.0,960.567,2328.335549,503.0,
862.0,960.729,2330.090991,504.0,
863.0,960.891,2331.845841,525.0,
864.0,961.054,2333.610926,503.0,
865.0,961.216,2335.364589,525.0,
866.0,961.378,2337.117662,521.0,
867.0,961.54,2338.870143,519.0,
868.0,961.702,2340.622034,515.0,
869.0,961.864,2342.373336,506.0,
870.0,962.026,2344.124047,528.0,
871.0,962.188,2345.874169,515.0,
872.0,962.35,2347.623701,512.0,
873.0,962.511,2349.361851,512.0,
874.0,962.673,2351.110209,504.0,
875.0,962.834,2352.847193,513.0,
876.0,962.996,2354.594379,512.0,
877.0,963.157,2356.330197,502.0,
878.0,963.319,2358.076211,520.0,
879.0,963.48,2359.810866,504.0,
880.0,963.641,2361.544941,519.0,
881.0,963.803,2363.289202,497.0,
882.0,963.964,2365.022115,510.0,
883.0,964.125,2366.75445,516.0,
884.0,964.286,2368.486206,516.0,
885.0,964.447,2370.217383,501.0,
886.0,964.608,2371.947983,511.0,
887.0,964.769,2373.678005,530.0,
888.0,964.929,2375.39671,515.0,
889.0,965.09,2377.125581,498.0,
890.0,965.251,2378.853876,517.0,
891.0,965.411,2380.570865,531.0,
892.0,965.572,2382.298011,509.0,
893.0,965.732,2384.013858,521.0,
894.0,965.893,2385.739856,510.0,
895.0,966.053,2387.454563,513.0,
896.0,966.213,2389.168703,507.0,
897.0,966.373,2390.882275,521.0,
898.0,966.534,2392.605984,519.0,
899.0,966.694,2394.318418,511.0,
900.0,966.854,2396.030285,516.0,
901.0,967.014,2397.741585,511.0,
902.0,967.174,2399.45232,528.0,
903.0,967.333,2401.151802,514.0,
904.0,967.493,2402.861408,508.0,
905.0,967.653,2404.570449,502.0,
906.0,967.813,2406.278925,514.0,
907.0,967.972,2407.976164,505.0,
908.0,968.132,2409.683514,510.0,
909.0,968.291,2411.379634,516.0,
910.0,968.451,2413.08586,520.0,
911.0,968.61,2414.780863,519.0,
912.0,968.769,2416.47531,516.0,
913.0,968.928,2418.169201,524.0,
914.0,969.088,2419.873184,507.0,
915.0,969.247,2421.565959,513.0,
916.0,969.406,2423.25818,509.0,
917.0,969.565,2424.949845,512.0,
918.0,969.724,2426.640956,510.0,
919.0,969.882,2428.320882,507.0,
920.0,970.041,2430.010887,516.0,
921.0,970.2,2431.700339,500.0,
922.0,970.359,2433.389237,524.0,
923.0,970.517,2435.066965,513.0,
924.0,970.676,2436.75476,512.0,
925.0,970.834,2438.431392,503.0,
926.0,970.993,2440.118085,509.0,
927.0,971.151,2441.793623,507.0,
928.0,971.309,2443.468615,513.0,
929.0,971.467,2445.143063,515.0,
930.0,971.626,2446.827559,508.0,
931.0,971.784,2448.500915,518.0,
932.0,971.942,2450.173726,509.0,
933.0,972.1,2451.845994,515.0,
934.0,972.258,2453.517718,511.0,
935.0,972.415,2455.178323,513.0,
936.0,972.573,2456.848965,510.0,
937.0,972.731,2458.519063,500.0,
938.0,972.889,2460.18862,499.0,
939.0,973.046,2461.847072,518.0,
940.0,973.204,2463.515547,520.0,
941.0,973.361,2465.172926,507.0,
942.0,973.519,2466.840322,523.0,
943.0,973.676,2468.496629,511.0,
944.0,973.833,2470.152401,514.0,
945.0,973.991,2471.818182,513.0,
946.0,974.148,2473.472883,526.0,
947.0,974.305,2475.127052,510.0,
948.0,974.462,2476.780688,517.0,
949.0,974.619,2478.43379,500.0,
950.0,974.776,2480.086361,515.0,
951.0,974.933,2481.738399,517.0,
952.0,975.09,2483.389905,514.0,
953.0,975.246,2485.030365,510.0,
954.0,975.403,2486.680811,526.0,
955.0,975.56,2488.330727,517.0,
956.0,975.716,2489.969607,502.0,
957.0,975.873,2491.618463,510.0,
958.0,976.029,2493.256292,523.0,
959.0,976.186,2494.904092,508.0,
960.0,976.342,2496.540871,516.0,
961.0,976.498,2498.177127,515.0,
962.0,976.654,2499.81286,503.0,
963.0,976.81,2501.448071,511.0,
964.0,976.967,2503.093237,523.0,
965.0,977.123,2504.7274,519.0,
966.0,977.279,2506.361042,509.0,
967.0,977.434,2507.983695,522.0,
968.0,977.59,2509.616297,506.0,
969.0,977.746,2511.248379,513.0,
970.0,977.902,2512.879939,505.0,
971.0,978.057,2514.500526,514.0,
972.0,978.213,2516.131049,516.0,
973.0,978.368,2517.750605,505.0,
974.0,978.524,2519.380092,514.0,
975.0,978.679,2520.998619,505.0,
976.0,978.835,2522.627071,507.0,
977.0,978.99,2524.244569,502.0,
978.0,979.145,2525.861556,516.0,
979.0,979.3,2527.478031,511.0,
980.0,979.455,2529.093994,507.0,
981.0,979.61,2530.709446,509.0,
982.0,979.765,2532.324387,511.0,
983.0,979.92,2533.938816,515.0,
984.0,980.075,2535.552735,511.0,
985.0,980.23,2537.166144,509.0,
986.0,980.385,2538.779043,502.0,
987.0,980.539,2540.38103,516.0,
988.0,980.694,2541.992913,517.0,
989.0,980.849,2543.604285,512.0,
990.0,981.003,2545.204758,509.0,
991.0,981.157,2546.804728,513.0,
992.0,981.312,2548.414581,507.0,
993.0,981.466,2550.013543,519.0,
994.0,981.62,2551.612004,502.0,
995.0,981.775,2553.220339,511.0,
996.0,981.929,2554.817794,514.0,
997.0,982.083,2556.414748,507.0,
998.0,982.237,2558.011201,514.0,
999.0,982.391,2559.607154,513.0,
1000.0,982.545,2561.202607,522.0,
1001.0,982.698,2562.787204,506.0,
1002.0,982.852,2564.38166,508.0,
1003.0,983.006,2565.975616,512.0,
1004.0,983.159,2567.558728,512.0,
1005.0,983.313,2569.151689,512.0,
1006.0,983.466,2570.733812,503.0,
1007.0,983.62,2572.325779,513.0,
1008.0,983.773,2573.906915,511.0,
1009.0,983.927,2575.497888,517.0,
1010.0,984.08,2577.078038,507.0,
1011.0,984.233,2578.657696,511.0,
1012.0,984.386,2580.236863,521.0,
1013.0,984.539,2581.815539,511.0,
1014.0,984.692,2583.393725,514.0,
1015.0,984.845,2584.97142,507.0,
1016.0,984.998,2586.548625,514.0,
1017.0,985.151,2588.125341,510.0,
1018.0,985.304,2589.701566,530.0,
1019.0,985.457,2591.277302,518.0,
1020.0,985.609,2592.842255,517.0,
1021.0,985.762,2594.417016,530.0,
1022.0,985.914,2595.981001,513.0,
1023.0,986.067,2597.554788,504.0,
1024.0,986.219,2599.117806,504.0,
1025.0,986.372,2600.690619,516.0,
1026.0,986.524,2602.25267,503.0,
1027.0,986.676,2603.81424,513.0,
1028.0,986.828,2605.375329,519.0,
1029.0,986.98,2606.935936,510.0,
1030.0,987.133,2608.506326,515.0,
1031.0,987.285,2610.06597,513.0,
1032.0,987.436,2611.614877,520.0,
1033.0,987.588,2613.173564,513.0,
1034.0,987.74,2614.731771,506.0,
1035.0,987.892,2616.289498,509.0,
1036.0,988.044,2617.846746,508.0,
1037.0,988.195,2619.393275,510.0,
1038.0,988.347,2620.949569,518.0,
1039.0,988.498,2622.495149,508.0,
1040.0,988.65,2624.050489,511.0,
1041.0,988.801,2625.595123,500.0,
1042.0,988.952,2627.139284,514.0,
1043.0,989.104,2628.693196,510.0,
1044.0,989.255,2630.236413,511.0,
1045.0,989.406,2631.779158,516.0,
1046.0,989.557,2633.321432,511.0,
1047.0,989.708,2634.863235,506.0,
1048.0,989.859,2636.404569,514.0,
1049.0,990.01,2637.945432,504.0,
1050.0,990.161,2639.485825,512.0,
1051.0,990.312,2641.025748,508.0,
1052.0,990.462,2642.555008,517.0,
1053.0,990.613,2644.093996,511.0,
1054.0,990.764,2645.632514,507.0,
1055.0,990.914,2647.160379,509.0,
1056.0,991.065,2648.697963,502.0,
1057.0,991.215,2650.224901,509.0,
1058.0,991.365,2651.751376,507.0,
1059.0,991.516,2653.287562,516.0,
1060.0,991.666,2654.813111,511.0,
1061.0,991.816,2656.338198,505.0,
1062.0,991.966,2657.862824,510.0,
1063.0,992.116,2659.386989,507.0,
1064.0,992.266,2660.910693,515.0,
1065.0,992.416,2662.433937,512.0,
1066.0,992.566,2663.956721,527.0,
1067.0,992.716,2665.479044,505.0,
1068.0,992.866,2667.000907,518.0,
1069.0,993.015,2668.512169,510.0,
1070.0,993.165,2670.033116,507.0,
1071.0,993.315,2671.553603,515.0,
1072.0,993.464,2673.0635,511.0,
1073.0,993.613,2674.572943,519.0,
1074.0,993.763,2676.09206,505.0,
1075.0,993.912,2677.600595,515.0,
1076.0,994.061,2679.108679,496.0,
1077.0,994.211,2680.626427,517.0,
1078.0,994.36,2682.133603,516.0,
1079.0,994.509,2683.640328,507.0,
1080.0,994.658,2685.146601,513.0,
1081.0,994.807,2686.652423,509.0,
1082.0,994.956,2688.157794,498.0,
1083.0,995.105,2689.662714,519.0,
1084.0,995.253,2691.157088,513.0,
1085.0,995.402,2692.661111,511.0,
1086.0,995.551,2694.164683,513.0,
1087.0,995.699,2695.657718,510.0,
1088.0,995.848,2697.160393,502.0,
1089.0,995.996,2698.652539,516.0,
1090.0,996.145,2700.154318,514.0,
1091.0,996.293,2701.645573,524.0,
1092.0,996.442,2703.146458,502.0,
1093.0,996.59,2704.636824,510.0,
1094.0,996.738,2706.126749,522.0,
1095.0,996.886,2707.61623,515.0,
1096.0,997.034,2709.10527,512.0,
1097.0,997.182,2710.593868,516.0,
1098.0,997.33,2712.082023,529.0,
1099.0,997.478,2713.569738,512.0,
1100.0,997.626,2715.05701,515.0,
1101.0,997.774,2716.543842,503.0,
1102.0,997.921,2718.020191,509.0,
1103.0,998.069,2719.506143,516.0,
1104.0,998.216,2720.98162,498.0,
1105.0,998.364,2722.466694,516.0,
1106.0,998.511,2723.941299,501.0,
1107.0,998.659,2725.425496,501.0,
1108.0,998.806,2726.89923,518.0,
1109.0,998.953,2728.37253,504.0,
1110.0,999.101,2729.855414,506.0,
1111.0,999.248,2731.327844,516.0,
1112.0,999.395,2732.799841,507.0,
1113.0,999.542,2734.271405,519.0,
1114.0,999.689,2735.742536,522.0,
1115.0,999.836,2737.213234,500.0,
1116.0,999.983,2738.6835,510.0,
1117.0,1000.129,2740.143337,502.0,
1118.0,1000.276,2741.612742,512.0,
1119.0,1000.423,2743.081715,507.0,
1120.0,1000.57,2744.550256,504.0,
1121.0,1000.716,2746.00838,500.0,
1122.0,1000.863,2747.476062,519.0,
1123.0,1001.009,2748.933333,522.0,
1124.0,1001.155,2750.390178,517.0,
1125.0,1001.302,2751.856573,511.0,
1126.0,1001.448,2753.312566,514.0,
1127.0,1001.594,2754.768135,516.0,
1128.0,1001.74,2756.22328,524.0,
1129.0,1001.886,2757.678,513.0,
1130.0,1002.032,2759.132297,504.0,
1131.0,1002.178,2760.586169,517.0,
1132.0,1002.324,2762.039619,520.0,
1133.0,1002.47,2763.492645,515.0,
1134.0,1002.616,2764.945247,534.0,
1135.0,1002.761,2766.387482,504.0,
1136.0,1002.907,2767.839242,506.0,
1137.0,1003.053,2769.290579,507.0,
1138.0,1003.198,2770.731557,510.0,
1139.0,1003.344,2772.182053,520.0,
1140.0,1003.489,2773.622195,512.0,
1141.0,1003.634,2775.061922,519.0,
1142.0,1003.78,2776.511157,510.0,
1143.0,1003.925,2777.950049,508.0,
1144.0,1004.07,2779.388526,517.0,
1145.0,1004.215,2780.826587,516.0,
1146.0,1004.36,2782.264232,508.0,
1147.0,1004.505,2783.701463,509.0,
1148.0,1004.65,2785.138279,519.0,
1149.0,1004.795,2786.57468,502.0,
1150.0,1004.94,2788.010667,517.0,
1151.0,1005.085,2789.446239,512.0,
1152.0,1005.229,2790.871501,517.0,
1153.0,1005.374,2792.306248,511.0,
1154.0,1005.518,2793.730691,506.0,
1155.0,1005.663,2795.164613,503.0,
1156.0,1005.807,2796.588238,515.0,
1157.0,1005.952,2798.021336,505.0,
1158.0,1006.096,2799.444143,527.0,
1159.0,1006.24,2800.866542,511.0,
1160.0,1006.385,2802.298407,510.0,
1161.0,1006.529,2803.71999,517.0,
1162.0,1006.673,2805.141166,501.0,
1163.0,1006.817,2806.561935,516.0,
1164.0,1006.961,2807.982298,509.0,
1165.0,1007.105,2809.402254,508.0,
1166.0,1007.249,2810.821805,507.0,
1167.0,1007.392,2812.231096,514.0,
1168.0,1007.536,2813.649838,507.0,
1169.0,1007.68,2815.068175,512.0,
1170.0,1007.823,2816.47626,510.0,
1171.0,1007.967,2817.893789,508.0,
1172.0,1008.11,2819.301073,505.0,
1173.0,1008.254,2820.717795,519.0,
1174.0,1008.397,2822.124278,524.0,
1175.0,1008.54,2823.530363,497.0,
1176.0,1008.684,2824.945877,525.0,
1177.0,1008.827,2826.351161,520.0,
1178.0,1008.97,2827.756047,511.0,
1179.0,1009.113,2829.160535,508.0,
1180.0,1009.256,2830.564625,512.0,
1181.0,1009.399,2831.968317,519.0,
1182.0,1009.542,2833.371611,515.0,
1183.0,1009.685,2834.774508,528.0,
1184.0,1009.827,2836.167201,517.0,
1185.0,1009.97,2837.569307,513.0,
1186.0,1010.113,2838.971015,510.0,
1187.0,1010.255,2840.362528,515.0,
1188.0,1010.398,2841.763446,522.0,
1189.0,1010.54,2843.154174,517.0,
1190.0,1010.683,2844.554302,517.0,
1191.0,1010.825,2845.944246,519.0,
1192.0,1010.967,2847.3338,510.0,
1193.0,1011.109,2848.722963,516.0,
1194.0,1011.252,2850.121516,512.0,
1195.0,1011.394,2851.509896,522.0,
1196.0,1011.536,2852.897887,517.0,
1197.0,1011.678,2854.285488,522.0,
1198.0,1011.819,2855.662933,526.0,
1199.0,1011.961,2857.049758,520.0,
1200.0,1012.103,2858.436194,508.0,
1201.0,1012.245,2859.822241,520.0,
1202.0,1012.387,2861.207899,521.0,
1203.0,1012.528,2862.583415,522.0,
1204.0,1012.67,2863.968299,523.0,
1205.0,1012.811,2865.343046,525.0,
1206.0,1012.953,2866.727156,526.0,
1207.0,1013.094,2868.101135,516.0,
1208.0,1013.235,2869.474731,516.0,
1209.0,1013.376,2870.847946,525.0,
1210.0,1013.518,2872.230513,514.0,
1211.0,1013.659,2873.60296,539.0,
1212.0,1013.8,2874.975026,513.0,
1213.0,1013.941,2876.34671,534.0,
1214.0,1014.082,2877.718013,536.0,
1215.0,1014.223,2879.088935,534.0,
1216.0,1014.363,2880.449756,528.0,
1217.0,1014.504,2881.819918,543.0,
1218.0,1014.645,2883.1897,545.0,
1219.0,1014.786,2884.5591,527.0,
1220.0,1014.926,2885.918412,532.0,
1221.0,1015.067,2887.287055,532.0,
1222.0,1015.207,2888.645615,533.0,
1223.0,1015.347,2890.0038,525.0,
1224.0,1015.488,2891.371307,535.0,
1225.0,1015.628,2892.728741,533.0,
1226.0,1015.768,2894.0858,547.0,
1227.0,1015.908,2895.442486,534.0,
1228.0,1016.049,2896.808484,541.0,
1229.0,1016.189,2898.164419,549.0,
1230.0,1016.329,2899.51998,530.0,
1231.0,1016.468,2900.86549,538.0,
1232.0,1016.608,2902.220307,537.0,
1233.0,1016.748,2903.574752,536.0,
1234.0,1016.888,2904.928823,543.0,
1235.0,1017.027,2906.272854,546.0,
1236.0,1017.167,2907.626183,538.0,
1237.0,1017.307,2908.979139,528.0,
1238.0,1017.446,2910.322063,540.0,
1239.0,1017.586,2911.674277,546.0,
1240.0,1017.725,2913.016465,528.0,
1241.0,1017.864,2914.358286,545.0,
1242.0,1018.003,2915.69974,540.0,
1243.0,1018.143,2917.050476,537.0,
1244.0,1018.282,2918.391195,529.0,
1245.0,1018.421,2919.731549,539.0,
1246.0,1018.56,2921.071536,543.0,
1247.0,1018.699,2922.411159,529.0,
1248.0,1018.838,2923.750415,545.0,
1249.0,1018.976,2925.079675,527.0,
1250.0,1019.115,2926.418204,532.0,
1251.0,1019.254,2927.756367,532.0,
1252.0,1019.393,2929.094166,523.0,
1253.0,1019.531,2930.421979,542.0,
1254.0,1019.67,2931.759051,525.0,
1255.0,1019.808,2933.086143,541.0,
1256.0,1019.946,2934.412876,532.0,
1257.0,1020.085,2935.74886,540.0,
1258.0,1020.223,2937.074872,539.0,
1259.0,1020.361,2938.400526,534.0,
1260.0,1020.499,2939.725822,538.0,
1261.0,1020.637,2941.050758,528.0,
1262.0,1020.775,2942.375337,533.0,
1263.0,1020.913,2943.699558,551.0,
1264.0,1021.051,2945.02342,527.0,
1265.0,1021.189,2946.346925,531.0,
1266.0,1021.327,2947.670072,539.0,
1267.0,1021.465,2948.992862,516.0,
1268.0,1021.602,2950.305713,525.0,
1269.0,1021.74,2951.62779,532.0,
1270.0,1021.877,2952.939934,531.0,
1271.0,1022.015,2954.261301,532.0,
1272.0,1022.152,2955.572739,528.0,
1273.0,1022.29,2956.893394,535.0,
1274.0,1022.427,2958.204127,517.0,
1275.0,1022.564,2959.514508,518.0,
1276.0,1022.701,2960.824539,523.0,
1277.0,1022.839,2962.143777,531.0,
1278.0,1022.976,2963.453103,532.0,
1279.0,1023.113,2964.762078,511.0,
1280.0,1023.25,2966.070703,524.0,
1281.0,1023.386,2967.36943,517.0,
1282.0,1023.523,2968.677357,527.0,
1283.0,1023.66,2969.984934,538.0,
1284.0,1023.797,2971.29216,523.0,
1285.0,1023.933,2972.5895,518.0,
1286.0,1024.07,2973.89603,529.0,
1287.0,1024.206,2975.192677,534.0,
1288.0,1024.343,2976.498511,536.0,
1289.0,1024.479,2977.794467,524.0,
1290.0,1024.615,2979.09008,522.0,
1291.0,1024.752,2980.394871,518.0,
1292.0,1024.888,2981.689794,511.0,
1293.0,1025.024,2982.984372,527.0,
1294.0,1025.16,2984.278608,522.0,
1295.0,1025.296,2985.572499,513.0,
1296.0,1025.432,2986.866048,518.0,
1297.0,1025.568,2988.159254,508.0,
1298.0,1025.704,2989.452116,528.0,
1299.0,1025.84,2990.744636,514.0,
1300.0,1025.975,2992.027313,523.0,
1301.0,1026.111,2993.319151,508.0,
1302.0,1026.246,2994.60115,528.0,
1303.0,1026.382,2995.892306,524.0,
1304.0,1026.517,2997.173628,528.0,
1305.0,1026.653,2998.464102,518.0,
1306.0,1026.788,2999.744749,528.0,
1307.0,1026.923,3001.025058,520.0,
1308.0,1027.059,3002.314512,516.0,
1309.0,1027.194,3003.594146,525.0,
1310.0,1027.329,3004.873444,514.0,
1311.0,1027.464,3006.152406,524.0,
1312.0,1027.599,3007.431032,507.0,
1313.0,1027.734,3008.709322,520.0,
1314.0,1027.869,3009.987276,502.0,
1315.0,1028.003,3011.255432,514.0,
1316.0,1028.138,3012.532717,521.0,
1317.0,1028.273,3013.809668,510.0,
1318.0,1028.407,3015.076827,524.0,
1319.0,1028.542,3016.353109,509.0,
1320.0,1028.676,3017.619606,518.0,
1321.0,1028.811,3018.895221,515.0,
1322.0,1028.945,3020.161056,519.0,
1323.0,1029.079,3021.426561,518.0,
1324.0,1029.214,3022.701177,519.0,
1325.0,1029.348,3023.966021,513.0,
1326.0,1029.482,3025.230536,513.0,
1327.0,1029.616,3026.494721,522.0,
1328.0,1029.75,3027.758577,505.0,
1329.0,1029.884,3029.022105,525.0,
1330.0,1030.018,3030.285303,519.0,
1331.0,1030.152,3031.548173,521.0,
1332.0,1030.285,3032.801294,532.0,
1333.0,1030.419,3034.06351,508.0,
1334.0,1030.553,3035.325397,515.0,
1335.0,1030.686,3036.577543,510.0,
1336.0,1030.82,3037.838777,513.0,
1337.0,1030.953,3039.090274,521.0,
1338.0,1031.086,3040.341449,532.0,
1339.0,1031.22,3041.601704,512.0,
1340.0,1031.353,3042.852231,513.0,
1341.0,1031.486,3044.102435,505.0,
1342.0,1031.619,3045.352317,511.0,
1343.0,1031.752,3046.601877,503.0,
1344.0,1031.885,3047.851114,533.0,
1345.0,1032.018,3049.10003,511.0,
1346.0,1032.151,3050.348624,524.0,
1347.0,1032.284,3051.596896,520.0,
1348.0,1032.417,3052.844846,534.0,
1349.0,1032.549,3054.083095,512.0,
1350.0,1032.682,3055.330405,515.0,
1351.0,1032.815,3056.577394,527.0,
1352.0,1032.947,3057.814689,513.0,
1353.0,1033.079,3059.051668,519.0,
1354.0,1033.212,3060.297699,529.0,
1355.0,1033.344,3061.534043,512.0,
1356.0,1033.476,3062.770072,523.0,
1357.0,1033.609,3064.015146,515.0,
1358.0,1033.741,3065.250541,520.0,
1359.0,1033.873,3066.48562,523.0,
1360.0,1034.005,3067.720385,517.0,
1361.0,1034.137,3068.954834,513.0,
1362.0,1034.269,3070.188968,522.0,
1363.0,1034.4,3071.413441,517.0,
1364.0,1034.532,3072.646948,523.0,
1365.0,1034.664,3073.88014,513.0,
1366.0,1034.796,3075.113017,515.0,
1367.0,1034.927,3076.336244,511.0,
1368.0,1035.059,3077.568494,514.0,
1369.0,1035.19,3078.791099,520.0,
1370.0,1035.321,3080.013395,518.0,
1371.0,1035.453,3081.244708,514.0,
1372.0,1035.584,3082.466382,521.0,
1373.0,1035.715,3083.687748,527.0,
1374.0,1035.846,3084.908805,522.0,
1375.0,1035.977,3086.129553,522.0,
1376.0,1036.108,3087.349992,524.0,
1377.0,1036.239,3088.570123,527.0,
1378.0,1036.37,3089.789945,518.0,
1379.0,1036.501,3091.009459,534.0,
1380.0,1036.632,3092.228664,522.0,
1381.0,1036.762,3093.438258,516.0,
1382.0,1036.893,3094.65685,529.0,
1383.0,1037.024,3095.875134,532.0,
1384.0,1037.154,3097.083814,530.0,
1385.0,1037.285,3098.301485,539.0,
1386.0,1037.415,3099.509557,523.0,
1387.0,1037.545,3100.717326,526.0,
1388.0,1037.676,3101.934079,523.0,
1389.0,1037.806,3103.141241,521.0,
1390.0,1037.936,3104.3481,533.0,
1391.0,1038.066,3105.554657,535.0,
1392.0,1038.196,3106.760912,518.0,
1393.0,1038.326,3107.966864,527.0,
1394.0,1038.456,3109.172515,536.0,
1395.0,1038.586,3110.377864,522.0,
1396.0,1038.715,3111.573643,528.0,
1397.0,1038.845,3112.778391,525.0,
1398.0,1038.975,3113.982837,533.0,
1399.0,1039.104,3115.177721,526.0,
1400.0,1039.234,3116.381567,547.0,
1401.0,1039.363,3117.575855,527.0,
1402.0,1039.493,3118.779102,520.0,
1403.0,1039.622,3119.972795,515.0,
1404.0,1039.751,3121.166192,539.0,
1405.0,1039.88,3122.359292,527.0,
1406.0,1040.01,3123.561343,535.0,
1407.0,1040.139,3124.753849,508.0,
1408.0,1040.268,3125.94606,538.0,
1409.0,1040.397,3127.137975,538.0,
1410.0,1040.525,3128.320359,536.0,
1411.0,1040.654,3129.511685,528.0,
1412.0,1040.783,3130.702717,523.0,
1413.0,1040.912,3131.893453,531.0,
1414.0,1041.04,3133.074667,525.0,
1415.0,1041.169,3134.264815,531.0,
1416.0,1041.297,3135.445446,535.0,
1417.0,1041.426,3136.635007,524.0,
1418.0,1041.554,3137.815055,526.0,
1419.0,1041.682,3138.994813,524.0,
1420.0,1041.811,3140.183495,536.0,
1421.0,1041.939,3141.362671,526.0,
1422.0,1042.067,3142.541558,531.0,
1423.0,1042.195,3143.720155,522.0,
1424.0,1042.323,3144.898462,528.0,
1425.0,1042.451,3146.076481,528.0,
1426.0,1042.579,3147.25421,538.0,
1427.0,1042.707,3148.431649,540.0,
1428.0,1042.834,3149.599605,522.0,
1429.0,1042.962,3150.776469,532.0,
1430.0,1043.09,3151.953044,522.0,
1431.0,1043.217,3153.120142,521.0,
1432.0,1043.345,3154.296142,536.0,
1433.0,1043.472,3155.46267,540.0,
1434.0,1043.599,3156.628913,527.0,
1435.0,1043.727,3157.804053,534.0,
1436.0,1043.854,3158.969726,520.0,
1437.0,1043.981,3160.135117,524.0,
1438.0,1044.108,3161.300223,529.0,
1439.0,1044.235,3162.465047,538.0,
1440.0,1044.362,3163.629587,522.0,
1441.0,1044.489,3164.793843,526.0,
1442.0,1044.616,3165.957817,535.0,
1443.0,1044.743,3167.121508,527.0,
1444.0,1044.87,3168.284916,526.0,
1445.0,1044.996,3169.438883,526.0,
1446.0,1045.123,3170.601728,530.0,
1447.0,1045.249,3171.755137,517.0,
1448.0,1045.376,3172.917419,550.0,
1449.0,1045.502,3174.07027,525.0,
1450.0,1045.629,3175.231989,521.0,
1451.0,1045.755,3176.384282,527.0,
1452.0,1045.881,3177.536298,531.0,
1453.0,1046.007,3178.688036,522.0,
1454.0,1046.133,3179.839496,526.0,
1455.0,1046.259,3180.99068,513.0,
1456.0,1046.385,3182.141585,521.0,
1457.0,1046.511,3183.292214,536.0,
1458.0,1046.637,3184.442566,532.0,
1459.0,1046.763,3185.592641,528.0,
1460.0,1046.888,3186.733315,528.0,
1461.0,1047.014,3187.882838,521.0,
1462.0,1047.14,3189.032085,546.0,
1463.0,1047.265,3190.171937,529.0,
1464.0,1047.391,3191.320633,528.0,
1465.0,1047.516,3192.45994,526.0,
1466.0,1047.641,3193.598974,529.0,
1467.0,1047.767,3194.746846,532.0,
1468.0,1047.892,3195.885335,527.0,
1469.0,1048.017,3197.023552,539.0,
1470.0,1048.142,3198.161498,523.0,
1471.0,1048.267,3199.299172,520.0,
1472.0,1048.392,3200.436575,521.0,
1473.0,1048.517,3201.573707,538.0,
1474.0,1048.642,3202.710568,534.0,
1475.0,1048.766,3203.838066,524.0,
1476.0,1048.891,3204.974387,528.0,
1477.0,1049.016,3206.110437,523.0,
1478.0,1049.14,3207.237132,531.0,
1479.0,1049.265,3208.372643,520.0,
1480.0,1049.389,3209.498802,527.0,
1481.0,1049.513,3210.624696,528.0,
1482.0,1049.638,3211.7594,524.0,
1483.0,1049.762,3212.88476,538.0,
1484.0,1049.886,3214.009853,522.0,
1485.0,1050.01,3215.134681,531.0,
1486.0,1050.134,3216.259244,522.0,
1487.0,1050.258,3217.383541,536.0,
1488.0,1050.382,3218.507572,532.0,
1489.0,1050.506,3219.631338,530.0,
1490.0,1050.63,3220.754839,536.0,
1491.0,1050.753,3221.869017,528.0,
1492.0,1050.877,3222.991989,532.0,
1493.0,1051.001,3224.114697,534.0,
1494.0,1051.124,3225.228089,521.0,
1495.0,1051.247,3226.34122,522.0,
1496.0,1051.371,3227.463138,524.0,
1497.0,1051.494,3228.575746,536.0,
1498.0,1051.617,3229.688094,532.0,
1499.0,1051.741,3230.809222,530.0,
1500.0,1051.864,3231.921048,519.0,
1501.0,1051.987,3233.032614,526.0,
1502.0,1052.11,3234.14392,527.0,
1503.0,1052.233,3235.254966,522.0,
1504.0,1052.356,3236.365752,521.0,
1505.0,1052.478,3237.467251,528.0,
1506.0,1052.601,3238.57752,527.0,
1507.0,1052.724,3239.68753,527.0,
1508.0,1052.846,3240.788259,522.0,
1509.0,1052.969,3241.897752,523.0,
1510.0,1053.091,3242.997969,516.0,
1511.0,1053.214,3244.106946,533.0,
1512.0,1053.336,3245.206652,539.0,
1513.0,1053.458,3246.306102,539.0,
1514.0,1053.581,3247.414307,506.0,
1515.0,1053.703,3248.513246,529.0,
1516.0,1053.825,3249.611931,532.0,
1517.0,1053.947,3250.710361,517.0,
1518.0,1054.069,3251.808537,517.0,
1519.0,1054.191,3252.906459,522.0,
1520.0,1054.312,3253.995131,528.0,
1521.0,1054.434,3255.092547,501.0,
1522.0,1054.556,3256.189709,539.0,
1523.0,1054.677,3257.277627,531.0,
1524.0,1054.799,3258.374284,525.0,
1525.0,1054.921,3259.470687,524.0,
1526.0,1055.042,3260.557852,514.0,
1527.0,1055.163,3261.644769,512.0,
1528.0,1055.285,3262.740415,521.0,
1529.0,1055.406,3263.826831,523.0,
1530.0,1055.527,3264.912998,523.0,
1531.0,1055.648,3265.998915,528.0,
1532.0,1055.769,3267.084584,516.0,
1533.0,1055.89,3268.170004,534.0,
1534.0,1056.011,3269.255175,517.0,
1535.0,1056.132,3270.340098,521.0,
1536.0,1056.253,3271.424772,521.0,
1537.0,1056.373,3272.500236,529.0,
1538.0,1056.494,3273.584415,515.0,
1539.0,1056.614,3274.659389,515.0,
1540.0,1056.735,3275.743073,521.0,
1541.0,1056.855,3276.817557,531.0,
1542.0,1056.976,3277.900747,528.0,
1543.0,1057.096,3278.974741,528.0,
1544.0,1057.216,3280.048491,519.0,
1545.0,1057.336,3281.121997,516.0,
1546.0,1057.457,3282.204202,534.0,
1547.0,1057.577,3283.277219,522.0,
1548.0,1057.697,3284.349992,529.0,
1549.0,1057.816,3285.413585,533.0,
1550.0,1057.936,3286.485874,526.0,
1551.0,1058.056,3287.55792,534.0,
1552.0,1058.176,3288.629722,512.0,
1553.0,1058.295,3289.692352,519.0,
1554.0,1058.415,3290.763671,528.0,
1555.0,1058.534,3291.825822,530.0,
1556.0,1058.654,3292.896656,522.0,
1557.0,1058.773,3293.958327,521.0,
1558.0,1058.893,3295.028679,523.0,
1559.0,1059.012,3296.089871,536.0,
1560.0,1059.131,3297.150824,521.0,
1561.0,1059.25,3298.21154,510.0,
1562.0,1059.369,3299.272016,528.0,
1563.0,1059.488,3300.332255,516.0,
1564.0,1059.607,3301.392256,521.0,
1565.0,1059.726,3302.452018,525.0,
1566.0,1059.845,3303.511543,518.0,
1567.0,1059.963,3304.561929,523.0,
1568.0,1060.082,3305.62098,527.0,
1569.0,1060.201,3306.679793,527.0,
1570.0,1060.319,3307.729474,526.0,
1571.0,1060.438,3308.787813,531.0,
1572.0,1060.556,3309.837025,528.0,
1573.0,1060.674,3310.886003,528.0,
1574.0,1060.792,3311.934748,522.0,
1575.0,1060.911,3312.992144,508.0,
1576.0,1061.029,3314.040421,517.0,
1577.0,1061.147,3315.088464,512.0,
1578.0,1061.265,3316.136274,520.0,
1579.0,1061.383,3317.183851,528.0,
1580.0,1061.5,3318.222321,517.0,
1581.0,1061.618,3319.269434,522.0,
1582.0,1061.736,3320.316315,523.0,
1583.0,1061.854,3321.362963,523.0,
1584.0,1061.971,3322.400512,521.0,
1585.0,1062.089,3323.446696,530.0,
1586.0,1062.206,3324.483786,529.0,
1587.0,1062.323,3325.520647,514.0,
1588.0,1062.441,3326.566139,516.0,
1589.0,1062.558,3327.602541,510.0,
1590.0,1062.675,3328.638715,527.0,
1591.0,1062.792,3329.674661,528.0,
1592.0,1062.909,3330.710379,517.0,
1593.0,1063.026,3331.745869,522.0,
1594.0,1063.143,3332.781131,525.0,
1595.0,1063.26,3333.816165,514.0,
1596.0,1063.377,3334.850972,527.0,
1597.0,1063.493,3335.876709,508.0,
1598.0,1063.61,3336.911062,524.0,
1599.0,1063.726,3337.93635,508.0,
1600.0,1063.843,3338.97025,519.0,
1601.0,1063.959,3339.995089,520.0,
1602.0,1064.076,3341.028536,503.0,
1603.0,1064.192,3342.052926,513.0,
1604.0,1064.308,3343.077093,538.0,
1605.0,1064.424,3344.101036,505.0,
1606.0,1064.54,3345.124756,528.0,
1607.0,1064.656,3346.148254,529.0,
1608.0,1064.772,3347.171528,509.0,
1609.0,1064.888,3348.194579,512.0,
1610.0,1065.004,3349.217408,526.0,
1611.0,1065.12,3350.240014,511.0,
1612.0,1065.235,3351.253584,522.0,
1613.0,1065.351,3352.275746,520.0,
1614.0,1065.466,3353.288877,521.0,
1615.0,1065.582,3354.310596,520.0,
1616.0,1065.697,3355.323288,519.0,
1617.0,1065.813,3356.344564,517.0,
1618.0,1065.928,3357.356817,519.0,
1619.0,1066.043,3358.368851,506.0,
1620.0,1066.158,3359.380667,517.0,
1621.0,1066.273,3360.392265,521.0,
1622.0,1066.388,3361.403644,532.0,
1623.0,1066.503,3362.414806,512.0,
1624.0,1066.618,3363.425749,518.0,
1625.0,1066.733,3364.436475,511.0,
1626.0,1066.847,3365.438196,537.0,
1627.0,1066.962,3366.448488,536.0,
1628.0,1067.077,3367.458562,486.0,
1629.0,1067.191,3368.459637,520.0,
1630.0,1067.306,3369.469278,520.0,
1631.0,1067.42,3370.469924,523.0,
1632.0,1067.534,3371.470357,513.0,
1633.0,1067.648,3372.470575,509.0,
1634.0,1067.763,3373.479352,508.0,
1635.0,1067.877,3374.479142,515.0,
1636.0,1067.991,3375.478718,519.0,
1637.0,1068.105,3376.478081,516.0,
1638.0,1068.219,3377.477231,516.0,
1639.0,1068.332,3378.467406,524.0,
1640.0,1068.446,3379.466131,520.0,
1641.0,1068.56,3380.464643,521.0,
1642.0,1068.673,3381.454186,524.0,
1643.0,1068.787,3382.452275,524.0,
1644.0,1068.9,3383.441397,508.0,
1645.0,1069.014,3384.439061,511.0,
1646.0,1069.127,3385.427764,517.0,
1647.0,1069.24,3386.416258,522.0,
1648.0,1069.354,3387.413288,521.0,
1649.0,1069.467,3388.401362,516.0,
1650.0,1069.58,3389.389227,527.0,
1651.0,1069.693,3390.376884,523.0,
1652.0,1069.806,3391.364332,513.0,
1653.0,1069.918,3392.342836,513.0,
1654.0,1070.031,3393.329869,525.0,
1655.0,1070.144,3394.316693,521.0,
1656.0,1070.256,3395.294579,518.0,
1657.0,1070.369,3396.280988,517.0,
1658.0,1070.482,3397.26719,520.0,
1659.0,1070.594,3398.244458,519.0,
1660.0,1070.706,3399.221522,505.0,
1661.0,1070.819,3400.207103,513.0,
1662.0,1070.931,3401.183756,524.0,
1663.0,1071.043,3402.160205,516.0,
1664.0,1071.155,3403.13645,516.0,
1665.0,1071.267,3404.112491,495.0,
1666.0,1071.379,3405.088328,522.0,
1667.0,1071.491,3406.06396,517.0,
1668.0,1071.603,3407.039389,507.0,
1669.0,1071.714,3408.005908,525.0,
1670.0,1071.826,3408.980931,522.0,
1671.0,1071.937,3409.947047,513.0,
1672.0,1072.049,3410.921664,517.0,
1673.0,1072.16,3411.887379,523.0,
1674.0,1072.272,3412.861591,506.0,
1675.0,1072.383,3413.826904,511.0,
1676.0,1072.494,3414.792017,514.0,
1677.0,1072.605,3415.75693,519.0,
1678.0,1072.717,3416.730334,515.0,
1679.0,1072.828,3417.694846,512.0,
1680.0,1072.938,3418.650472,524.0,
1681.0,1073.049,3419.614587,515.0,
1682.0,1073.16,3420.578502,513.0,
1683.0,1073.271,3421.542218,519.0,
1684.0,1073.382,3422.505735,515.0,
1685.0,1073.492,3423.460375,521.0,
1686.0,1073.603,3424.423495,505.0,
1687.0,1073.713,3425.377742,527.0,
1688.0,1073.823,3426.331793,514.0,
1689.0,1073.934,3427.29432,510.0,
1690.0,1074.044,3428.247979,511.0,
1691.0,1074.154,3429.201442,518.0,
1692.0,1074.264,3430.15471,501.0,
1693.0,1074.374,3431.107783,519.0,
1694.0,1074.484,3432.060661,532.0,
1695.0,1074.594,3433.013344,509.0,
1696.0,1074.704,3433.965832,517.0,
1697.0,1074.814,3434.918125,517.0,
1698.0,1074.923,3435.861568,518.0,
1699.0,1075.033,3436.813473,514.0,
1700.0,1075.142,3437.756532,509.0,
1701.0,1075.252,3438.708049,527.0,
1702.0,1075.361,3439.650724,502.0,
1703.0,1075.47,3440.593208,510.0,
1704.0,1075.58,3441.544145,512.0,
1705.0,1075.689,3442.486245,511.0,
1706.0,1075.798,3443.428154,501.0,
1707.0,1075.907,3444.369872,515.0,
1708.0,1076.016,3445.3114,520.0,
1709.0,1076.125,3446.252737,515.0,
1710.0,1076.234,3447.193883,510.0,
1711.0,1076.342,3448.126206,509.0,
1712.0,1076.451,3449.066973,509.0,
1713.0,1076.56,3450.007549,510.0,
1714.0,1076.668,3450.939309,529.0,
1715.0,1076.776,3451.870881,508.0,
1716.0,1076.885,3452.81089,504.0,
1717.0,1076.993,3453.742086,502.0,
1718.0,1077.101,3454.673097,510.0,
1719.0,1077.21,3455.612538,514.0,
1720.0,1077.318,3456.543173,518.0,
1721.0,1077.426,3457.473622,527.0,
1722.0,1077.534,3458.403884,513.0,
1723.0,1077.641,3459.325349,511.0,
1724.0,1077.749,3460.25524,520.0,
1725.0,1077.857,3461.184944,521.0,
1726.0,1077.965,3462.114462,509.0,
1727.0,1078.072,3463.03519,513.0,
1728.0,1078.18,3463.964338,505.0,
1729.0,1078.287,3464.884699,519.0,
1730.0,1078.394,3465.804877,514.0,
1731.0,1078.502,3466.73347,511.0,
1732.0,1078.609,3467.653281,508.0,
1733.0,1078.716,3468.57291,507.0,
1734.0,1078.823,3469.492357,503.0,
1735.0,1078.93,3470.411621,514.0,
1736.0,1079.037,3471.330703,507.0,
1737.0,1079.144,3472.249602,515.0,
1738.0,1079.251,3473.16832,504.0,
1739.0,1079.357,3474.078271,503.0,
1740.0,1079.464,3474.996626,500.0,
1741.0,1079.571,3475.914799,517.0,
1742.0,1079.677,3476.824211,501.0,
1743.0,1079.783,3477.733445,514.0,
1744.0,1079.89,3478.651075,501.0,
1745.0,1079.996,3479.55995,505.0,
1746.0,1080.102,3480.468647,517.0,
1747.0,1080.208,3481.377165,500.0,
1748.0,1080.314,3482.285505,503.0,
1749.0,1080.42,3483.193667,499.0,
1750.0,1080.526,3484.101651,510.0,
1751.0,1080.632,3485.009456,513.0,
1752.0,1080.738,3485.917084,514.0,
1753.0,1080.843,3486.815973,504.0,
1754.0,1080.949,3487.723246,507.0,
1755.0,1081.055,3488.630342,513.0,
1756.0,1081.16,3489.528704,510.0,
1757.0,1081.265,3490.426892,513.0,
1758.0,1081.371,3491.333457,513.0,
1759.0,1081.476,3492.231294,511.0,
1760.0,1081.581,3493.128957,511.0,
1761.0,1081.686,3494.026446,511.0,
1762.0,1081.791,3494.923761,501.0,
1763.0,1081.896,3495.820901,505.0,
1764.0,1082.001,3496.717867,505.0,
1765.0,1082.106,3497.61466,511.0,
1766.0,1082.21,3498.502739,508.0,
1767.0,1082.315,3499.399185,506.0,
1768.0,1082.42,3500.295457,516.0,
1769.0,1082.524,3501.183022,504.0,
1770.0,1082.629,3502.078948,501.0,
1771.0,1082.733,3502.96617,505.0,
1772.0,1082.837,3503.853222,501.0,
1773.0,1082.941,3504.740103,512.0,
1774.0,1083.045,3505.626814,510.0,
1775.0,1083.149,3506.513354,514.0,
1776.0,1083.253,3507.399725,523.0,
1777.0,1083.357,3508.285925,500.0,
1778.0,1083.461,3509.171955,504.0,
1779.0,1083.565,3510.057815,526.0,
1780.0,1083.669,3510.943505,511.0,
1781.0,1083.772,3511.820511,506.0,
1782.0,1083.876,3512.705863,517.0,
1783.0,1083.979,3513.582534,501.0,
1784.0,1084.082,3514.459039,515.0,
1785.0,1084.186,3515.343884,516.0,
1786.0,1084.289,3516.220054,511.0,
1787.0,1084.392,3517.096058,524.0,
1788.0,1084.495,3517.971895,516.0,
1789.0,1084.598,3518.847566,510.0,
1790.0,1084.701,3519.72307,498.0,
1791.0,1084.804,3520.598408,502.0,
1792.0,1084.907,3521.47358,521.0,
1793.0,1085.009,3522.340092,510.0,
1794.0,1085.112,3523.214933,506.0,
1795.0,1085.215,3524.089608,502.0,
1796.0,1085.317,3524.955628,503.0,
1797.0,1085.419,3525.821485,507.0,
1798.0,1085.522,3526.695666,508.0,
1799.0,1085.624,3527.561196,506.0,
1800.0,1085.726,3528.426563,501.0,
1801.0,1085.828,3529.291768,510.0,
1802.0,1085.93,3530.15681,509.0,
1803.0,1086.032,3531.02169,515.0,
1804.0,1086.134,3531.886407,510.0,
1805.0,1086.236,3532.750962,498.0,
1806.0,1086.337,3533.606881,501.0,
1807.0,1086.439,3534.471113,509.0,
1808.0,1086.541,3535.335182,504.0,
1809.0,1086.642,3536.190621,505.0,
1810.0,1086.744,3537.054367,504.0,
1811.0,1086.845,3537.909486,508.0,
1812.0,1086.946,3538.764446,510.0,
1813.0,1087.047,3539.619247,509.0,
1814.0,1087.148,3540.47389,513.0,
1815.0,1087.249,3541.328373,502.0,
1816.0,1087.35,3542.182698,498.0,
1817.0,1087.451,3543.036864,508.0,
1818.0,1087.552,3543.890872,509.0,
1819.0,1087.653,3544.74472,497.0,
1820.0,1087.753,3545.589959,500.0,
1821.0,1087.854,3546.443492,498.0,
1822.0,1087.954,3547.288419,521.0,
1823.0,1088.055,3548.141637,513.0,
1824.0,1088.155,3548.986251,499.0,
1825.0,1088.255,3549.83071,499.0,
1826.0,1088.356,3550.683456,513.0,
1827.0,1088.456,3551.527603,509.0,
1828.0,1088.556,3552.371595,508.0,
1829.0,1088.656,3553.215432,505.0,
1830.0,1088.755,3554.050678,493.0,
1831.0,1088.855,3554.894206,509.0,
1832.0,1088.955,3555.73758,517.0,
1833.0,1089.055,3556.580799,498.0,
1834.0,1089.154,3557.415433,504.0,
1835.0,1089.254,3558.258344,514.0,
1836.0,1089.353,3559.092673,500.0,
1837.0,1089.452,3559.92685,513.0,
1838.0,1089.552,3560.7693,505.0,
1839.0,1089.651,3561.603173,512.0,
1840.0,1089.75,3562.436894,512.0,
1841.0,1089.849,3563.270464,498.0,
1842.0,1089.948,3564.103882,502.0,
1843.0,1090.047,3564.937149,502.0,
1844.0,1090.145,3565.76185,506.0,
1845.0,1090.244,3566.594816,499.0,
1846.0,1090.343,3567.427631,513.0,
1847.0,1090.441,3568.251884,507.0,
1848.0,1090.54,3569.084398,506.0,
1849.0,1090.638,3569.908354,508.0,
1850.0,1090.737,3570.740567,506.0,
1851.0,1090.835,3571.564225,497.0,
1852.0,1090.933,3572.387735,510.0,
1853.0,1091.031,3573.211097,515.0,
1854.0,1091.129,3574.034311,501.0,
1855.0,1091.227,3574.857378,515.0,
1856.0,1091.325,3575.680296,500.0,
1857.0,1091.422,3576.494672,503.0,
1858.0,1091.52,3577.317297,513.0,
1859.0,1091.618,3578.139774,513.0,
1860.0,1091.715,3578.953712,503.0,
1861.0,1091.813,3579.775896,502.0,
1862.0,1091.91,3580.589544,506.0,
1863.0,1092.007,3581.403047,504.0,
1864.0,1092.105,3582.224791,508.0,
1865.0,1092.202,3583.038004,504.0,
1866.0,1092.299,3583.851073,506.0,
1867.0,1092.396,3584.663997,503.0,
1868.0,1092.493,3585.476777,501.0,
1869.0,1092.59,3586.289412,497.0,
1870.0,1092.686,3587.093528,503.0,
1871.0,1092.783,3587.905877,500.0,
1872.0,1092.88,3588.718081,515.0,
1873.0,1092.976,3589.52177,480.0,
1874.0,1093.072,3590.325318,511.0,
1875.0,1093.169,3591.137093,512.0,
1876.0,1093.265,3591.940358,496.0,
1877.0,1093.361,3592.743481,509.0,
1878.0,1093.457,3593.546463,509.0,
1879.0,1093.553,3594.349304,505.0,
1880.0,1093.649,3595.152005,510.0,
1881.0,1093.745,3595.954564,509.0,
1882.0,1093.841,3596.756983,515.0,
1883.0,1093.937,3597.55926,502.0,
1884.0,1094.032,3598.353043,509.0,
1885.0,1094.128,3599.15504,508.0,
1886.0,1094.223,3599.948545,508.0,
1887.0,1094.319,3600.750263,510.0,
1888.0,1094.414,3601.543491,507.0,
1889.0,1094.509,3602.336581,505.0,
1890.0,1094.604,3603.129534,514.0,
1891.0,1094.699,3603.922349,506.0,
1892.0,1094.794,3604.715026,504.0,
1893.0,1094.889,3605.507566,520.0,
1894.0,1094.984,3606.299968,507.0,
1895.0,1095.079,3607.092233,506.0,
1896.0,1095.174,3607.88436,497.0,
1897.0,1095.268,3608.668014,503.0,
1898.0,1095.363,3609.459868,502.0,
1899.0,1095.457,3610.243252,504.0,
1900.0,1095.551,3611.026501,506.0,
1901.0,1095.646,3611.817946,489.0,
1902.0,1095.74,3612.600925,498.0,
1903.0,1095.834,3613.38377,500.0,
1904.0,1095.928,3614.16648,494.0,
1905.0,1096.022,3614.949056,497.0,
1906.0,1096.116,3615.731498,506.0,
1907.0,1096.209,3616.505484,507.0,
1908.0,1096.303,3617.287659,506.0,
1909.0,1096.397,3618.0697,503.0,
1910.0,1096.49,3618.843289,510.0,
1911.0,1096.584,3619.625063,517.0,
1912.0,1096.677,3620.398388,504.0,
1913.0,1096.77,3621.171583,510.0,
1914.0,1096.864,3621.952958,508.0,
1915.0,1096.957,3622.725888,490.0,
1916.0,1097.05,3623.498688,501.0,
1917.0,1097.143,3624.271357,496.0,
1918.0,1097.236,3625.043894,505.0,
1919.0,1097.328,3625.807996,500.0,
1920.0,1097.421,3626.580273,494.0,
1921.0,1097.514,3627.35242,499.0,
1922.0,1097.606,3628.116135,506.0,
1923.0,1097.699,3628.888021,501.0,
1924.0,1097.791,3629.651478,501.0,
1925.0,1097.883,3630.414808,495.0,
1926.0,1097.976,3631.186305,499.0,
1927.0,1098.068,3631.949377,501.0,
1928.0,1098.16,3632.712322,504.0,
1929.0,1098.252,3633.475138,498.0,
1930.0,1098.344,3634.237827,511.0,
1931.0,1098.436,3635.000388,500.0,
1932.0,1098.527,3635.754535,500.0,
1933.0,1098.619,3636.516842,499.0,
1934.0,1098.711,3637.279022,503.0,
1935.0,1098.802,3638.032791,507.0,
1936.0,1098.893,3638.786436,498.0,
1937.0,1098.985,3639.548235,504.0,
1938.0,1099.076,3640.301629,508.0,
1939.0,1099.167,3641.054898,498.0,
1940.0,1099.258,3641.808042,502.0,
1941.0,1099.349,3642.561061,503.0,
1942.0,1099.44,3643.313956,506.0,
1943.0,1099.531,3644.066726,500.0,
1944.0,1099.622,3644.819371,506.0,
1945.0,1099.712,3645.563624,494.0,
1946.0,1099.803,3646.316021,512.0,
1947.0,1099.893,3647.060029,492.0,
1948.0,1099.984,3647.812179,515.0,
1949.0,1100.074,3648.555941,498.0,
1950.0,1100.164,3649.299582,497.0,
1951.0,1100.254,3650.043101,520.0,
1952.0,1100.345,3650.794758,508.0,
1953.0,1100.434,3651.529775,508.0,
1954.0,1100.524,3652.272929,510.0,
1955.0,1100.614,3653.015962,502.0,
1956.0,1100.704,3653.758873,499.0,
1957.0,1100.794,3654.501663,512.0,
1958.0,1100.883,3655.23608,508.0,
1959.0,1100.973,3655.978628,511.0,
1960.0,1101.062,3656.712806,498.0,
1961.0,1101.151,3657.446866,492.0,
1962.0,1101.241,3658.189053,502.0,
1963.0,1101.33,3658.922874,506.0,
1964.0,1101.419,3659.656576,509.0,
1965.0,1101.508,3660.39016,499.0,
1966.0,1101.597,3661.123626,507.0,
1967.0,1101.685,3661.848733,493.0,
1968.0,1101.774,3662.581963,500.0,
1969.0,1101.863,3663.315074,497.0,
1970.0,1101.951,3664.039832,501.0,
1971.0,1102.04,3664.772708,508.0,
1972.0,1102.128,3665.497232,503.0,
1973.0,1102.217,3666.229873,496.0,
1974.0,1102.305,3666.954165,505.0,
1975.0,1102.393,3667.678342,505.0,
1976.0,1102.481,3668.402402,509.0,
1977.0,1102.569,3669.126348,507.0,
1978.0,1102.657,3669.850178,502.0,
1979.0,1102.745,3670.573892,500.0,
1980.0,1102.832,3671.289269,512.0,
1981.0,1102.92,3672.012753,503.0,
1982.0,1103.007,3672.727903,514.0,
1983.0,1103.095,3673.451158,496.0,
1984.0,1103.182,3674.166081,500.0,
1985.0,1103.269,3674.880891,505.0,
1986.0,1103.357,3675.603802,504.0,
1987.0,1103.444,3676.318386,486.0,
1988.0,1103.531,3677.032857,508.0,
1989.0,1103.618,3677.747215,500.0,
1990.0,1103.705,3678.46146,507.0,
1991.0,1103.791,3679.167385,506.0,
1992.0,1103.878,3679.881407,504.0,
1993.0,1103.965,3680.595316,502.0,
1994.0,1104.051,3681.300908,505.0,
1995.0,1104.138,3682.014594,494.0,
1996.0,1104.224,3682.719965,489.0,
1997.0,1104.31,3683.425227,499.0,
1998.0,1104.396,3684.130379,503.0,
1999.0,1104.482,3684.83542,497.0,
,,,,"{""Date"": ""2023-09-07 13:44:44"", ""Position [um]"": [105.2, 42.4, 6719.9943916], ""Temperature [C]"": ""N/A"", ""Humidity [1/100]"": ""N/A"", ""Spectro_Temp [C]"": -59, ""Laser power [mW]"": 30.3, ""Excitation wavelength [nm]"": 785, ""Objective"": ""N PLAN 10x/0.25"", ""Objective_Maker"": ""LEICA"", ""Objective_Magnification"": 10.0, ""Objective_NA"": 0.25, ""Objective_WD"": 5.8, ""Objective_Immersion"": ""Air"", ""Objective_Tube_Lens_f"": 200.0, ""Spectrometer integration time [s]"": 0.5, ""Spectrometer number of accumulations"": 1, ""Spectrometer temperature [C]"": -46, ""Spectrometer acquisition mode"": 1, ""Spectrometer read mode"": 0, ""Spectrometer trigger mode"": 0, ""Magnification"": 10.0, ""Spot_Size"": 80.0, ""Laser_Offset"": [NaN, NaN]}"
